-8124 0 0 0 2.700e+04
45327 3
45344 4
45361 4
45833 3
45936 2
45954 2
45961 2
46212 3
46393 2
46407 2
46431 3
46696 3
46802 3
46817 2
46872 3
47068 2
47111 2
47145 2
47146 3
47577 3
47655 2
47986 3
48000 2
48366 3
48509 3
48537 3
48545 3
48568 3
48644 3
48739 3
49363 2
49454 3
50086 2
50155 1
50381 4
50414 3
50515 3
50738 3
50754 3
50759 3
51060 2
51098 3
51205 1
51283 1
51286 2
51481 1
51484 3
51486 1
51814 3
52019 3
52189 3
52514 3
52846 3
52916 3
52980 3
53401 2
53430 3
53516 3
53586 3
53717 3
53798 2
54429 3
54518 3
54837 4
54971 3
55015 3
55288 1
56178 1
56496 3
56687 2
57116 4
57257 3
57288 3
57431 3
57594 3
57794 3
57991 4
58261 2
58262 4
58351 3
58352 3
60018 4
60319 4
60379 2
60492 1
61022 3
62043 2
62052 2
62053 2
62062 2
62083 2
62084 2
62086 2
62094 2
62095 2
62110 2
62118 2
62119 2
62137 2
62157 2
62176 3
62193 2
62194 2
62199 3
62200 2
62201 2
62215 3
62225 2
62226 2
62227 2
62235 2
62242 2
62264 4
62270 3
62271 3
62276 2
62277 2
62282 2
62289 2
62291 2
62300 2
62317 2
62321 2
62331 2
62341 2
62347 1
62348 2
62366 2
62373 2
62374 2
62398 2
62399 2
62406 2
62407 2
62413 2
62430 2
62439 2
62450 2
62455 2
62461 2
62473 2
62480 2
62481 2
62505 2
62509 2
62523 2
62536 3
62542 4
62560 2
62561 2
62570 2
62578 2
62579 2
62580 2
62588 2
62602 4
62612 1
62613 2
62614 2
62619 2
62623 1
62629 4
62648 2
62651 2
62652 2
62657 2
62668 2
62672 2
62687 1
62694 1
62700 3
62728 3
62745 2
62746 2
62763 2
62780 2
62781 2
62790 2
62793 3
62802 2
62808 2
62809 2
62837 2
62838 2
62842 2
62866 2
62870 2
62878 2
62885 2
62891 1
62896 2
62901 2
62902 1
62929 2
62930 3
62931 3
62941 2
62948 3
62961 2
62975 1
62981 2
62996 1
62998 2
63014 4
63019 1
63025 3
63031 2
63048 3
63050 2
63059 2
63064 2
63075 2
63089 2
63097 2
63108 2
63114 2
63119 2
63124 2
63141 2
63146 3
63147 2
63152 4
63161 2
63181 2
63187 2
63193 4
63197 2
63206 2
63224 2
63225 2
63241 2
63246 2
63259 2
63264 2
63274 2
63280 2
63322 2
63330 2
63339 2
63341 2
63361 2
63371 2
63375 2
63393 2
63401 1
63419 4
63422 2
63427 4
63441 2
63452 2
63454 1
63469 2
63498 4
63503 2
63517 2
63521 2
63540 2
63543 2
63560 2
63565 2
63571 2
63583 2
63596 2
63597 2
63625 2
63632 4
63654 2
63655 4
63679 4
63702 2
63716 4
63723 2
63742 2
63753 2
63754 1
63767 4
63768 2
63777 2
63778 2
63795 4
63796 2
63815 2
63820 2
63836 2
63843 2
63848 4
63870 4
63878 2
63892 4
63906 2
63912 2
63913 2
63915 4
63918 4
63927 2
63930 2
63939 2
63956 2
63961 2
63963 4
63975 2
63990 1
63995 2
63998 2
64005 2
64008 2
64019 2
64024 2
64052 1
64057 1
64087 1
64093 2
64097 2
64111 2
64133 2
64139 3
64154 2
64158 2
64159 2
64170 2
64171 3
64181 2
64183 3
64192 2
64213 1
64228 1
64230 2
64244 4
64245 3
64259 2
64266 4
64273 4
64284 2
64288 2
64312 2
64322 2
64341 2
64346 2
64358 2
64362 2
64367 2
64381 4
64394 2
64397 2
64402 2
64411 2
64422 2
64438 1
64439 2
64451 2
64452 2
64458 2
64470 2
64494 2
64498 2
64503 3
64512 2
64532 4
64536 1
64544 2
64546 2
64547 3
64553 2
64562 1
64569 2
64581 2
64582 2
64601 2
64602 2
64616 2
64617 2
64623 2
64648 2
64650 2
64651 2
64662 2
64665 2
64674 2
64675 2
64685 2
64691 2
64708 2
64727 1
64737 2
64746 2
64751 2
64757 1
64763 4
64773 2
64780 4
64789 1
64800 2
64801 2
64810 2
64823 2
64838 2
64847 2
64851 3
64878 2
64885 2
64909 2
64918 2
64925 2
64928 2
64932 2
64957 2
64961 4
64964 2
64965 2
64978 4
64998 2
65001 2
65010 2
65011 2
65012 2
65023 3
65026 2
65031 2
65032 2
65037 2
65049 2
65050 2
65058 2
65068 2
65075 2
65078 2
65088 2
65092 3
65093 2
65098 4
65108 2
65112 1
65118 2
65122 2
65134 2
65139 2
65140 2
65145 2
65150 4
65163 2
65183 2
65184 4
65203 2
65204 2
65226 2
65243 3
65248 1
65271 2
65286 4
65303 2
65308 2
65320 2
65321 2
65328 2
65333 2
65350 1
65356 4
65361 2
65369 2
65376 1
65380 2
65384 2
65388 2
65393 1
65398 2
65403 3
65408 3
65410 2
65411 3
65424 1
65430 2
65436 4
65441 2
65455 2
65464 2
65500 2
65515 2
65516 1
65521 2
65526 2
65534 3
65545 2
65546 2
65551 2
65559 2
65563 2
65567 3
65575 2
65593 2
65600 2
65614 2
65615 2
65629 1
65630 4
65637 2
65658 2
65662 3
65670 2
65680 4
65681 2
65689 2
65701 4
65705 2
65717 2
65718 2
65736 2
65743 2
65759 4
65763 4
65768 2
65777 2
65799 2
65819 2
65820 2
65827 2
65837 2
65873 2
65878 2
65879 4
65889 1
65890 2
65901 4
65902 1
65917 3
65923 2
65937 2
65938 1
65940 2
65946 4
65972 1
65978 2
66004 1
66010 4
66014 2
66020 2
66021 4
66056 2
66057 2
66093 4
66094 2
66103 2
66116 4
66117 2
66121 2
66134 2
66137 4
66142 4
66146 2
66164 1
66169 2
66181 2
66187 2
66190 3
66231 2
66236 2
66246 2
66248 1
66255 2
66260 2
66261 2
66266 2
66274 2
66293 2
66294 2
66296 2
66313 4
66321 2
66342 2
66343 2
66345 2
66357 2
66363 3
66366 4
66393 4
66409 3
66416 2
66425 2
66439 4
66444 2
66447 3
66452 2
66464 1
66473 2
66475 2
66490 2
66511 4
66515 2
66526 2
66528 2
66546 2
66550 2
66556 2
66561 2
66564 2
66573 1
66596 2
66597 2
66598 2
66607 2
66610 2
66628 2
66640 3
66645 2
66667 3
66680 2
66695 2
66701 2
66721 3
66739 4
66744 2
66745 2
66746 3
66762 2
66769 2
66770 2
66782 2
66786 3
66794 2
66810 4
66816 2
66817 3
66831 1
66836 2
66849 4
66876 2
66877 2
66890 2
66894 2
66899 2
66907 2
66909 2
66937 2
66946 2
66953 2
66958 2
66967 1
66974 2
66983 2
67010 3
67014 2
67019 2
67020 4
67026 4
67033 2
67042 2
67043 2
67059 2
67063 2
67078 2
67095 2
67098 2
67113 3
67119 2
67124 3
67147 2
67161 4
67166 2
67179 1
67180 2
67186 2
67192 4
67203 2
67213 2
67215 3
67229 2
67247 2
67251 2
67256 2
67279 4
67284 2
67297 2
67306 2
67307 2
67311 2
67322 2
67338 3
67345 2
67349 2
67352 3
67376 2
67381 4
67382 2
67387 4
67392 1
67401 1
67402 2
67407 4
67408 3
67429 4
67434 2
67446 2
67451 2
67452 2
67466 2
67479 3
67490 2
67493 2
67500 2
67505 2
67526 2
67527 4
67547 1
67560 2
67568 2
67594 2
67600 2
67609 2
67620 2
67638 1
67670 2
67671 2
67684 1
67698 2
67699 2
67719 2
67725 4
67732 2
67741 3
67744 2
67761 2
67765 4
67779 2
67784 2
67791 2
67796 2
67816 2
67820 4
67825 4
67835 1
67838 2
67844 2
67845 2
67857 2
67863 1
67872 3
67875 2
67876 2
67893 2
67908 4
67909 2
67917 2
67918 3
67921 3
67930 2
67931 2
67936 2
67956 2
67964 4
67976 1
67985 2
67995 2
68006 2
68007 2
68012 4
68020 2
68028 2
68036 2
68044 4
68053 4
68055 1
68065 2
68073 3
68083 2
68096 2
68110 2
68121 2
68145 3
68148 4
68151 2
68161 3
68163 2
68181 2
68187 2
68192 3
68202 2
68219 2
68225 1
68232 3
68258 2
68262 2
68268 2
68284 2
68302 2
68307 1
68312 1
68327 2
68333 2
68338 2
68347 2
68350 2
68357 1
68361 1
68366 3
68368 2
68379 1
68402 1
68407 1
68416 2
68424 2
68441 4
68457 2
68462 4
68467 2
68480 2
68485 4
68500 4
68501 3
68523 2
68527 2
68540 2
68555 1
68560 2
68562 2
68573 4
68580 4
68591 2
68592 2
68600 1
68624 4
68634 3
68639 2
68644 2
68662 3
68673 4
68681 2
68696 1
68700 2
68706 2
68715 1
68724 4
68726 2
68734 1
68742 2
68746 4
68755 2
68773 2
68791 2
68800 2
68801 2
68817 2
68823 2
68836 2
68841 2
68842 2
68850 2
68865 2
68872 2
68877 2
68889 4
68895 4
68927 2
68938 2
68945 1
68959 3
68967 1
69002 1
69011 1
69012 2
69038 2
69044 2
69050 2
69055 3
69065 2
69079 2
69092 3
69103 2
69119 2
69120 2
69125 1
69139 2
69143 4
69160 4
69174 2
69175 2
69189 2
69193 3
69197 2
69207 2
69244 4
69247 2
69253 2
69256 2
69260 2
69266 1
69275 2
69288 2
69296 2
69331 2
69340 2
69355 2
69372 2
69377 2
69398 2
69403 2
69407 2
69420 2
69421 1
69432 2
69462 2
69463 2
69481 2
69482 2
69507 2
69522 2
69526 2
69553 1
69556 2
69565 2
69566 4
69581 2
69586 3
69648 3
69656 4
69662 2
69673 2
69687 2
69693 2
69712 4
69722 4
69742 2
69762 4
69771 2
69785 4
69791 2
69813 1
69814 1
69825 4
69829 2
69839 1
69848 4
69849 2
69860 2
69861 2
69877 2
69882 2
69897 2
69898 2
69912 4
69929 2
69930 2
69952 2
69962 2
69967 2
69977 4
69982 2
69987 2
69997 2
70004 2
70013 2
70014 2
70027 2
70034 4
70038 2
70052 2
70069 2
70072 2
70084 2
70096 4
70105 2
70109 2
70115 2
70149 2
70154 2
70160 2
70166 2
70173 2
70176 4
70187 2
70197 4
70210 2
70224 4
70237 4
70238 2
70243 2
70246 2
70251 2
70268 2
70282 4
70288 2
70302 1
70310 4
70315 1
70332 2
70338 2
70352 2
70367 4
70368 2
70393 2
70404 4
70405 2
70411 1
70416 2
70427 4
70431 1
70436 2
70437 2
70467 2
70483 2
70488 2
70506 2
70524 1
70529 2
70530 2
70551 4
70556 2
70572 2
70582 1
70597 1
70602 4
70614 1
70622 4
70650 3
70663 2
70677 1
70682 2
70684 2
70695 4
70703 2
70704 2
70735 4
70754 1
70758 4
70763 1
70788 1
70805 2
70815 3
70816 2
70839 2
70842 2
70859 2
70869 2
70884 2
70889 2
70890 2
70911 2
70916 2
70917 3
70923 4
70926 2
70935 3
70949 2
70952 3
70961 2
70966 2
70999 1
71004 2
71011 3
71015 2
71016 2
71028 1
71031 1
71046 2
71057 1
71062 1
71075 4
71081 3
71096 3
71101 2
71102 2
71107 2
71139 2
71140 2
71150 2
71167 2
71172 3
71195 4
71196 2
71215 2
71220 2
71225 2
71230 1
71236 1
71247 4
71251 3
71255 3
71309 2
71311 2
71312 2
71316 1
71321 1
71322 2
71326 2
71331 2
71332 2
71337 2
71345 2
71352 2
71353 2
71359 2
71381 2
71385 2
71410 2
71418 3
71429 2
71435 2
71440 4
71465 3
71473 2
71477 2
71478 3
71505 2
71509 2
71533 4
71537 2
71543 2
71565 2
71571 1
71586 2
71599 2
71615 4
71630 2
71636 2
71656 3
71661 4
71677 2
71681 2
71705 2
71706 2
71716 1
71721 2
71722 1
71733 1
71739 2
71740 2
71746 4
71751 4
71755 2
71761 4
71786 2
71790 2
71794 2
71796 2
71801 2
71823 1
71831 4
71833 2
71834 2
71839 2
71852 2
71857 2
71863 2
71870 2
71878 2
71879 2
71887 2
71897 1
71898 2
71899 2
71921 2
71926 3
71928 2
71932 4
71943 3
71972 2
71973 2
71992 1
71994 2
72002 2
72004 2
72013 2
72014 2
72020 2
72026 1
72032 4
72037 1
72046 2
72047 2
72055 2
72058 2
72059 2
72065 2
72117 4
72125 2
72126 2
72135 2
72143 4
72144 1
72151 3
72152 2
72163 2
72168 2
72186 2
72189 2
72211 4
72212 2
72239 4
72241 4
72242 2
72252 1
72262 2
72269 2
72298 1
72302 4
72315 2
72321 2
72322 2
72328 2
72333 1
72338 4
72344 2
72356 2
72364 2
72372 2
72385 2
72401 1
72411 4
72412 2
72417 4
72427 2
72437 2
72439 2
72448 3
72449 2
72456 4
72465 2
72466 4
72474 2
72475 4
72476 2
72481 1
72491 2
72498 2
72504 2
72508 2
72513 3
72519 2
72525 2
72547 2
72558 3
72560 1
72569 2
72580 2
72590 2
72593 4
72598 2
72604 2
72618 2
72623 2
72624 2
72629 2
72630 2
72635 2
72639 3
72643 2
72644 2
72663 2
72670 4
72671 2
72674 2
72684 4
72700 3
72702 2
72703 4
72712 2
72719 2
72739 3
72751 2
72764 2
72766 2
72771 2
72776 2
72781 4
72797 2
72798 2
72812 2
72813 1
72829 2
72835 2
72836 3
72850 2
72856 2
72861 2
72872 2
72883 2
72904 2
72905 4
72910 2
72916 4
72928 2
72938 2
72949 3
72958 3
72969 4
72973 2
72978 2
72979 4
72985 1
72990 2
72994 2
73000 2
73002 2
73007 4
73013 2
73017 2
73028 3
73029 2
73056 2
73057 2
73062 2
73074 2
73082 2
73084 2
73091 2
73100 2
73104 2
73114 3
73116 2
73121 2
73129 2
73135 2
73149 2
73162 3
73174 1
73180 2
73189 2
73195 4
73203 2
73215 2
73216 2
73236 2
73240 2
73250 2
73273 2
73277 2
73288 2
73306 1
73312 2
73314 2
73319 2
73325 2
73332 2
73337 1
73358 2
73359 2
73373 2
73374 2
73381 2
73382 2
73392 2
73410 2
73411 3
73412 3
73423 4
73440 1
73463 2
73471 2
73493 2
73494 2
73507 2
73514 2
73522 4
73528 4
73534 2
73544 2
73557 2
73558 2
73565 1
73571 4
73572 3
73585 2
73586 2
73592 2
73597 2
73601 1
73608 2
73643 2
73644 2
73659 4
73675 1
73680 1
73687 4
73690 4
73707 2
73715 1
73731 3
73739 1
73745 1
73746 4
73752 2
73766 2
73772 2
73779 2
73800 3
73806 1
73811 2
73816 4
73836 4
73839 2
73849 2
73855 2
73856 2
73871 2
73877 2
73882 2
73892 2
73893 2
73904 2
73909 1
73915 1
73921 2
73928 2
73935 4
73936 2
73940 4
73942 2
73947 2
73970 2
73981 2
73982 2
73996 4
74003 2
74014 2
74021 2
74042 2
74043 2
74062 4
74066 3
74072 2
74094 4
74102 3
74113 2
74118 2
74145 4
74149 2
74154 2
74155 2
74160 2
74213 2
74253 2
74259 2
74260 3
74264 2
74291 2
74298 4
74304 2
74316 1
74346 2
74361 2
74362 2
74363 3
74384 1
74391 4
74402 1
74412 2
74425 1
74429 2
74455 2
74460 2
74467 2
74475 2
74510 2
74518 3
74529 3
74530 2
74537 2
74550 2
74551 2
74552 2
74569 4
74586 2
74591 1
74604 3
74609 2
74614 2
74615 2
74623 2
74629 2
74635 2
74646 2
74651 2
74660 4
74661 2
74668 1
74685 2
74686 2
74698 2
74716 1
74719 1
74732 2
74738 2
74749 2
74778 2
74783 2
74786 3
74809 2
74814 1
74819 2
74832 4
74844 4
74849 4
74867 3
74874 1
74889 4
74890 2
74895 2
74896 2
74939 2
74944 2
74966 2
74967 2
74968 2
74978 2
74984 2
74985 2
74994 2
75000 4
75008 2
75009 2
75016 3
75021 2
75022 3
75026 2
75034 2
75049 2
75055 2
75057 2
75067 4
75072 1
75077 2
75093 2
75094 2
75098 3
75106 4
75116 2
75145 4
75151 4
75155 2
75169 2
75173 4
75178 4
75185 3
75194 4
75222 2
75228 4
75239 4
75265 2
75266 2
75267 2
75277 2
75279 2
75280 3
75299 2
75305 2
75323 2
75324 2
75326 4
75350 2
75355 2
75371 2
75372 2
75390 2
75392 2
75400 2
75401 2
75403 2
75413 2
75417 1
75422 2
75424 2
75440 2
75442 2
75447 2
75448 2
75452 2
75461 2
75468 2
75469 3
75483 2
75497 2
75499 4
75510 4
75516 1
75527 2
75531 2
75542 2
75543 2
75551 2
75564 2
75568 2
75604 4
75616 1
75626 2
75640 4
75653 2
75668 2
75681 2
75687 2
75699 1
75707 2
75708 2
75714 3
75731 1
75740 2
75780 1
75781 4
75800 2
75807 2
75816 1
75831 2
75835 2
75839 2
75854 3
75855 3
75878 4
75889 2
75894 2
75902 2
75907 2
75913 2
75918 2
75929 1
75934 2
75937 2
75949 4
75964 2
75973 2
75974 1
75988 4
76024 1
76030 1
76034 2
76042 4
76047 2
76055 2
76076 3
76080 2
76112 1
76117 2
76124 2
76125 2
76133 2
76149 1
76157 1
76161 1
76173 3
76174 2
76185 2
76206 2
76215 2
76226 2
76231 1
76250 2
76256 2
76280 2
76297 2
76323 2
76336 2
76339 1
76345 2
76359 1
76360 2
76365 2
76371 2
76381 2
76386 2
76392 2
76399 3
76414 2
76415 2
76428 2
76432 2
76437 2
76452 1
76453 3
76454 3
76465 1
76479 2
76482 2
76505 2
76509 2
76514 2
76526 2
76531 2
76532 2
76549 2
76553 2
76576 1
76584 2
76594 3
76611 2
76638 2
76651 2
76655 3
76678 4
76688 2
76694 2
76714 2
76719 2
76728 2
76735 1
76740 2
76744 3
76766 1
76767 4
76789 2
76793 2
76802 2
76803 2
76804 3
76810 2
76815 2
76816 2
76826 2
76847 2
76853 4
76876 2
76877 2
76888 4
76895 1
76925 2
76926 2
76932 2
76945 1
76951 2
76960 2
76966 2
76979 2
76989 2
76999 2
77003 2
77008 2
77038 2
77063 2
77086 4
77108 2
77117 1
77129 2
77148 2
77157 2
77167 2
77169 4
77178 4
77196 2
77212 4
77220 4
77232 2
77253 1
77254 2
77268 2
77274 1
77285 2
77286 2
77301 1
77310 2
77311 2
77324 2
77325 2
77338 2
77345 3
77351 2
77363 2
77372 1
77377 2
77383 2
77437 1
77438 2
77454 2
77464 2
77486 3
77491 2
77495 3
77496 3
77501 1
77514 2
77521 2
77542 2
77545 4
77558 2
77563 2
77574 4
77598 4
77599 1
77623 2
77624 2
77633 3
77634 2
77654 2
77658 2
77667 1
77668 2
77673 2
77693 2
77710 3
77733 3
77747 2
77771 4
77783 2
77807 2
77808 2
77812 3
77821 2
77822 2
77829 4
77833 3
77837 2
77838 1
77857 2
77864 4
77882 2
77883 2
77894 2
77899 2
77900 2
77908 2
77909 2
77911 2
77923 4
77962 2
77967 4
77972 1
77988 2
77992 2
78009 1
78032 2
78041 2
78047 3
78062 4
78069 2
78096 3
78102 2
78107 2
78118 1
78133 2
78145 2
78163 2
78167 1
78168 2
78189 2
78190 2
78204 2
78209 2
78226 4
78227 3
78237 2
78246 2
78249 2
78253 2
78258 2
78266 2
78287 2
78288 3
78299 2
78304 2
78324 2
78325 3
78349 4
78361 3
78362 2
78367 2
78384 2
78398 1
78406 2
78407 2
78421 2
78425 2
78453 2
78454 1
78463 2
78473 2
78474 2
78484 2
78489 4
78500 1
78501 2
78506 2
78521 3
78527 3
78539 2
78563 1
78567 2
78570 2
78571 2
78589 2
78594 2
78598 2
78628 2
78642 1
78647 4
78658 2
78659 2
78678 2
78680 2
78728 3
78737 1
78743 3
78760 2
78764 2
78765 2
78794 2
78806 2
78824 2
78825 2
78832 4
78847 1
78864 2
78869 2
78872 2
78876 4
78903 2
78909 2
78910 2
78924 2
78925 4
78938 2
78949 2
78950 4
78964 2
78972 2
78983 2
78984 4
78990 3
78995 2
79001 2
79007 2
79013 4
79028 1
79033 2
79038 2
79077 2
79083 1
79097 3
79112 2
79126 1
79128 2
79145 1
79161 1
79166 2
79192 2
79205 4
79212 3
79235 2
79243 2
79248 2
79258 2
79262 2
79272 3
79294 4
79310 2
79323 2
79326 2
79357 2
79361 1
79366 2
79377 1
79384 4
79390 1
79400 1
79418 1
79423 2
79428 2
79450 2
79451 2
79457 2
79461 3
79472 2
79480 4
79516 2
79517 2
79522 2
79527 2
79528 4
79543 2
79557 4
79565 2
79566 2
79584 2
79590 2
79591 2
79596 2
79601 3
79627 2
79643 2
79644 4
79665 2
79682 2
79693 2
79701 2
79702 2
79704 3
79710 1
79718 2
79719 2
79723 2
79743 2
79749 2
79767 1
79773 2
79778 3
79786 2
79795 2
79799 2
79828 1
79830 2
79831 2
79836 2
79853 2
79854 2
79861 2
79865 4
79870 2
79875 2
79877 2
79889 2
79902 2
79903 2
79928 4
79932 1
79944 1
79949 1
79956 2
79966 4
79988 2
79997 2
80004 2
80009 2
80010 2
80014 2
80015 2
80031 2
80037 2
80042 3
80073 2
80080 1
80086 2
80104 2
80105 2
80113 2
80118 3
80128 2
80143 4
80156 1
80168 1
80169 2
80179 2
80209 3
80210 3
80222 4
80232 2
80234 1
80242 2
80245 2
80255 2
80264 2
80272 4
80282 2
80296 2
80313 1
80319 2
80320 2
80339 2
80340 2
80362 3
80367 3
80372 2
80388 1
80389 2
80405 1
80408 2
80409 2
80422 2
80426 4
80439 2
80449 2
80460 1
80461 2
80476 2
80482 2
80510 2
80519 2
80525 4
80533 1
80555 2
80556 2
80561 2
80570 2
80581 2
80585 2
80591 2
80596 4
80601 4
80606 2
80611 2
80627 2
80644 2
80650 2
80656 2
80696 4
80707 2
80716 1
80725 2
80739 2
80751 2
80764 2
80765 2
80770 2
80784 3
80785 4
80805 2
80814 2
80823 2
80838 2
80839 2
80861 2
80867 2
80877 4
80889 2
80901 2
80920 4
80925 3
80930 4
80947 2
80952 2
80962 3
80968 2
80990 2
80995 2
81001 4
81013 2
81033 2
81040 1
81047 3
81052 4
81062 2
81085 2
81086 4
81091 1
81099 2
81100 2
81106 2
81111 4
81128 2
81129 2
81149 4
81158 2
81173 2
81179 4
81217 2
81222 2
81233 2
81238 2
81253 2
81281 2
81296 2
81313 2
81318 2
81341 2
81345 2
81347 4
81374 2
81378 4
81392 1
81412 4
81423 4
81429 2
81434 2
81462 1
81463 4
81472 1
81491 2
81492 2
81497 2
81498 2
81515 3
81526 4
81540 2
81545 2
81551 2
81553 4
81565 2
81566 3
81579 2
81601 1
81613 2
81621 2
81635 3
81639 4
81643 1
81654 2
81662 2
81670 2
81671 2
81693 2
81699 2
81705 2
81706 2
81732 2
81743 2
81757 1
81759 2
81775 2
81785 2
81786 2
81807 2
81820 2
81828 2
81837 2
81839 2
81843 2
81849 2
81877 2
81891 2
81903 2
81908 2
81932 2
81939 2
81940 2
81942 2
81952 4
81975 2
81983 2
81989 3
81990 2
81993 2
81999 4
82004 2
82012 2
82017 2
82023 2
82026 2
82037 2
82052 2
82061 1
82062 2
82066 2
82083 1
82096 2
82119 2
82120 2
82125 1
82130 1
82140 1
82146 2
82153 4
82163 1
82175 4
82181 2
82196 2
82208 4
82233 3
82249 2
82250 2
82255 2
82293 2
82299 2
82321 1
82331 2
82334 2
82340 2
82370 4
82375 1
82383 2
82384 2
82397 2
82398 3
82413 2
82428 2
82429 2
82430 2
82434 2
82435 2
82440 2
82441 3
82464 2
82470 2
82480 3
82495 2
82508 1
82523 2
82528 4
82534 3
82556 2
82562 4
82567 1
82572 2
82583 2
82588 2
82593 1
82598 2
82627 2
82628 2
82642 2
82647 2
82651 2
82656 2
82665 2
82671 2
82682 3
82688 4
82709 2
82738 2
82743 3
82781 1
82787 2
82788 1
82793 2
82796 2
82804 2
82833 4
82864 2
82868 2
82881 2
82884 2
82900 2
82901 2
82920 1
82940 3
82946 2
82954 2
82956 2
82966 2
82989 1
83009 3
83015 2
83036 2
83037 2
83060 1
83062 2
83069 2
83077 2
83088 2
83107 3
83135 1
83141 3
83147 2
83156 4
83165 2
83167 2
83171 4
83181 2
83182 2
83183 2
83184 2
83198 3
83210 4
83217 2
83234 4
83252 2
83253 2
83258 2
83293 2
83294 3
83302 2
83303 2
83322 2
83333 2
83340 1
83341 2
83350 2
83351 3
83363 3
83375 2
83385 2
83401 2
83414 4
83419 2
83428 2
83454 2
83469 3
83470 2
83480 2
83519 1
83541 2
83542 2
83551 2
83556 2
83567 2
83577 2
83590 2
83596 4
83597 2
83601 1
83644 4
83653 2
83654 2
83662 1
83664 2
83681 4
83686 4
83690 2
83699 3
83712 2
83714 3
83721 2
83725 2
83744 4
83745 1
83758 4
83768 2
83774 4
83779 2
83787 2
83794 1
83811 2
83849 1
83855 1
83856 3
83864 2
83880 2
83898 2
83899 2
83905 2
83922 2
83923 2
83944 2
83950 2
83964 2
83965 2
83985 2
83987 2
84008 2
84009 2
84032 1
84033 2
84034 2
84050 2
84070 2
84071 2
84087 1
84104 1
84110 2
84135 1
84140 4
84155 2
84156 2
84166 2
84167 2
84215 3
84219 2
84227 2
84228 2
84239 1
84271 2
84278 4
84301 2
84312 4
84313 1
84345 1
84347 2
84359 2
84360 3
84364 3
84370 2
84375 3
84410 4
84415 4
84429 2
84435 1
84439 2
84440 2
84453 2
84474 1
84484 1
84489 2
84495 2
84507 2
84521 2
84524 2
84533 1
84551 2
84558 2
84571 3
84577 2
84578 3
84582 2
84601 3
84611 2
84612 2
84644 2
84662 2
84671 2
84679 2
84680 2
84686 2
84700 4
84704 4
84708 2
84709 2
84728 3
84749 3
84760 4
84778 2
84779 2
84830 4
84847 2
84848 2
84861 2
84862 2
84889 2
84893 2
84912 2
84915 2
84932 3
84937 2
84949 2
84950 3
84971 2
84984 4
85000 2
85012 3
85022 2
85024 2
85028 3
85038 4
85073 2
85077 4
85082 2
85083 2
85098 2
85099 2
85106 4
85114 2
85120 1
85127 2
85132 2
85142 2
85160 4
85178 2
85183 3
85190 2
85199 1
85205 2
85242 2
85251 2
85255 2
85277 1
85287 1
85299 4
85314 2
85330 2
85331 3
85332 3
85347 1
85368 1
85380 2
85381 2
85391 2
85405 2
85412 2
85423 1
85436 2
85451 3
85456 2
85485 4
85502 2
85504 4
85510 2
85553 2
85555 2
85556 2
85563 2
85579 1
85584 2
85591 2
85604 1
85634 2
85658 2
85666 2
85678 2
85697 2
85702 2
85707 2
85711 2
85712 4
85723 2
85734 2
85745 3
85749 2
85768 1
85777 3
85784 1
85785 2
85790 2
85795 2
85799 2
85805 1
85813 2
85814 3
85822 2
85823 2
85831 4
85874 1
85875 4
85900 3
85923 2
85924 2
85932 2
85950 4
85967 2
85972 2
85975 3
85985 1
85989 2
86001 2
86002 3
86007 2
86013 2
86014 1
86015 3
86029 2
86046 2
86047 2
86065 2
86072 2
86075 4
86085 4
86103 2
86118 1
86120 2
86125 3
86134 4
86148 2
86153 2
86167 2
86175 3
86198 4
86203 1
86205 1
86206 4
86218 2
86219 2
86235 2
86266 2
86268 3
86278 2
86292 2
86306 2
86319 4
86344 4
86360 1
86361 2
86362 2
86373 1
86379 1
86389 2
86394 2
86404 4
86405 2
86420 2
86425 2
86427 2
86452 2
86453 2
86458 4
86475 1
86480 1
86486 2
86497 3
86530 2
86548 2
86549 2
86554 2
86592 2
86593 1
86601 2
86610 2
86646 2
86668 2
86674 4
86686 2
86700 2
86707 2
86719 1
86740 2
86758 2
86762 2
86765 2
86777 2
86800 4
86802 2
86807 1
86824 1
86834 1
86853 2
86858 2
86868 2
86869 2
86882 2
86924 4
86925 2
86944 2
86949 2
86950 2
86959 2
86961 3
86962 2
86965 2
86976 4
86982 4
87019 2
87036 4
87042 1
87051 2
87069 2
87083 2
87087 2
87096 2
87103 2
87120 2
87121 1
87135 2
87141 2
87152 2
87162 2
87178 2
87192 2
87197 4
87211 2
87227 1
87235 2
87239 2
87242 2
87251 3
87263 4
87281 2
87285 2
87295 2
87296 2
87306 3
87312 3
87318 2
87333 4
87341 2
87349 2
87358 4
87364 2
87368 2
87385 2
87386 2
87390 2
87405 1
87407 2
87417 4
87422 1
87435 2
87454 1
87456 2
87463 2
87474 2
87476 3
87499 2
87508 2
87512 4
87513 3
87521 2
87552 2
87563 2
87582 4
87591 1
87601 2
87609 2
87610 4
87632 2
87639 4
87655 2
87672 2
87678 2
87681 2
87689 1
87697 2
87718 2
87719 1
87720 2
87749 2
87759 3
87763 2
87780 2
87787 4
87793 2
87798 2
87810 2
87825 1
87830 2
87831 2
87832 2
87839 2
87847 2
87848 2
87851 4
87879 2
87886 2
87904 2
87915 2
87934 4
87940 2
87944 1
87945 4
87954 2
87962 2
87969 2
87979 2
87983 2
87996 1
88012 2
88021 2
88027 2
88046 2
88059 2
88069 1
88078 4
88079 4
88110 2
88118 2
88124 3
88129 2
88140 3
88158 2
88159 2
88171 2
88176 2
88187 2
88188 2
88197 2
88204 3
88225 2
88230 4
88231 2
88257 2
88260 2
88261 3
88262 3
88271 2
88293 4
88304 2
88320 1
88338 2
88343 2
88352 2
88353 2
88368 2
88382 4
88401 2
88409 2
88414 1
88415 4
88421 2
88436 2
88441 4
88464 2
88468 4
88486 2
88492 2
88503 1
88515 1
88519 2
88523 3
88528 2
88529 2
88534 2
88539 2
88544 1
88548 2
88581 2
88588 2
88594 2
88603 2
88620 2
88665 2
88669 4
88674 4
88675 2
88691 2
88696 2
88704 2
88718 4
88723 2
88728 2
88746 2
88750 2
88751 3
88761 3
88777 2
88789 1
88791 2
88792 2
88823 1
88838 2
88887 4
88901 1
88907 2
88914 2
88925 2
88944 4
88956 2
88957 2
88982 2
88997 2
89013 4
89024 2
89033 2
89034 2
89075 4
89081 2
89089 2
89110 4
89116 2
89121 3
89131 2
89133 2
89134 2
89141 2
89142 2
89143 2
89149 3
89150 2
89151 2
89159 2
89160 2
89194 2
89199 2
89204 2
89212 2
89222 1
89237 2
89253 2
89257 2
89261 2
89278 2
89294 2
89303 2
89311 1
89321 2
89322 2
89331 2
89336 4
89349 2
89352 2
89386 2
89399 2
89421 2
89435 2
89455 2
89468 2
89469 2
89485 2
89489 3
89506 2
89525 2
89535 2
89536 1
89549 2
89565 1
89566 2
89571 2
89585 2
89586 4
89598 2
89610 2
89622 2
89629 2
89630 2
89645 2
89651 2
89659 1
89676 2
89683 1
89689 2
89690 2
89718 2
89733 1
89743 2
89755 1
89766 2
89782 1
89800 4
89801 2
89815 1
89826 2
89827 2
89855 4
89859 1
89867 2
89868 2
89894 2
89895 2
89902 2
89921 2
89930 2
89931 4
89936 1
89963 3
89968 4
89995 4
90001 2
90002 2
90033 2
90053 2
90054 2
90060 2
90070 3
90098 2
90104 4
90113 2
90127 2
90128 2
90140 2
90161 2
90165 2
90187 1
90210 2
90215 2
90248 3
90264 2
90276 4
90284 2
90287 3
90296 4
90297 2
90311 2
90320 2
90321 2
90336 3
90337 4
90348 2
90379 4
90388 2
90390 1
90401 2
90411 2
90429 2
90432 2
90447 2
90469 1
90500 2
90501 1
90516 2
90520 2
90523 2
90524 2
90530 2
90540 1
90541 2
90542 2
90552 2
90577 2
90579 2
90585 2
90589 2
90594 2
90610 3
90613 2
90619 2
90628 2
90632 2
90659 2
90664 2
90688 2
90706 3
90717 4
90737 2
90738 2
90761 2
90764 2
90766 2
90791 4
90796 1
90806 2
90811 2
90824 2
90842 1
90849 2
90854 2
90855 1
90861 2
90862 1
90871 2
90872 3
90890 3
90895 1
90900 2
90905 4
90914 2
90931 2
90960 2
90961 2
90981 2
90991 2
91010 1
91016 2
91020 2
91048 2
91056 1
91060 4
91061 2
91097 3
91098 4
91107 1
91119 2
91169 1
91174 2
91175 2
91185 2
91220 1
91226 1
91234 2
91239 3
91250 2
91276 2
91277 4
91283 2
91295 2
91303 4
91304 1
91314 2
91330 4
91346 4
91351 2
91381 2
91399 2
91407 1
91408 2
91414 2
91421 2
91453 2
91459 2
91460 2
91472 4
91480 2
91481 2
91495 2
91500 2
91512 2
91517 2
91538 2
91550 2
91556 2
91571 2
91573 2
91605 2
91619 1
91620 2
91639 2
91662 1
91668 1
91669 2
91687 2
91693 2
91722 2
91724 2
91743 2
91752 1
91778 2
91824 2
91828 3
91829 3
91836 2
91853 2
91866 2
91886 4
91896 2
91901 2
91918 1
91926 2
91959 2
91990 2
91998 1
92003 2
92009 2
92010 2
92015 2
92016 4
92026 2
92030 2
92050 1
92060 3
92063 2
92071 2
92088 2
92097 2
92112 2
92123 2
92135 4
92139 2
92143 2
92148 1
92153 2
92181 2
92201 3
92212 4
92219 2
92225 2
92256 2
92260 2
92268 2
92273 2
92282 1
92308 2
92310 2
92349 4
92354 2
92355 2
92357 2
92360 1
92375 2
92376 2
92387 2
92399 2
92422 2
92423 3
92426 2
92432 2
92450 2
92451 2
92456 2
92466 2
92480 2
92490 4
92514 2
92519 2
92533 2
92538 2
92551 2
92571 3
92574 2
92588 2
92589 2
92595 2
92612 1
92622 1
92629 2
92634 4
92645 2
92652 2
92659 2
92661 1
92662 3
92667 1
92676 2
92677 2
92692 2
92693 2
92701 2
92720 3
92724 2
92730 2
92737 1
92759 1
92762 2
92773 2
92781 1
92791 4
92795 1
92807 4
92822 2
92832 2
92838 3
92842 4
92846 2
92856 2
92867 3
92881 4
92896 1
92897 3
92928 4
92935 2
92939 1
92949 2
92954 2
92976 2
93000 2
93021 2
93027 1
93040 2
93054 3
93057 4
93067 2
93068 2
93092 2
93099 2
93106 1
93121 2
93137 2
93159 2
93165 2
93171 2
93179 2
93188 3
93211 1
93227 2
93228 1
93249 2
93254 1
93259 4
93264 2
93271 2
93276 1
93314 4
93315 3
93325 2
93338 2
93350 4
93360 1
93365 3
93371 2
93379 2
93397 3
93403 4
93425 1
93429 2
93430 1
93433 4
93438 2
93447 1
93452 2
93459 2
93473 2
93518 2
93527 2
93536 2
93546 2
93595 4
93601 2
93606 2
93613 2
93616 4
93628 2
93636 2
93640 2
93647 2
93656 2
93674 1
93686 4
93690 2
93695 1
93701 2
93717 2
93721 2
93723 2
93738 1
93742 2
93747 2
93780 1
93791 2
93792 2
93806 2
93812 4
93813 2
93831 2
93839 2
93840 2
93841 3
93848 2
93881 2
93889 2
93890 2
93895 2
93896 2
93920 1
93923 2
93943 1
93964 2
93970 1
93983 2
93994 2
93995 2
94001 2
94021 2
94026 1
94056 4
94059 2
94066 4
94079 4
94084 1
94091 2
94120 1
94121 2
94127 3
94129 2
94152 2
94153 2
94166 2
94167 3
94172 1
94206 3
94207 1
94218 1
94226 1
94231 1
94235 2
94243 2
94255 2
94268 2
94274 1
94301 4
94302 4
94303 2
94324 2
94331 2
94337 3
94342 2
94345 2
94351 2
94356 2
94389 3
94400 2
94411 2
94416 1
94426 4
94431 1
94442 2
94447 2
94467 4
94483 4
94495 1
94511 2
94512 2
94518 2
94523 2
94536 1
94561 2
94565 2
94569 2
94580 2
94599 2
94616 2
94628 2
94638 2
94650 2
94669 4
94682 2
94687 2
94700 4
94701 2
94706 1
94716 2
94733 4
94751 2
94768 3
94781 2
94784 2
94804 2
94813 2
94821 2
94841 1
94842 2
94849 2
94859 4
94866 2
94878 2
94898 2
94910 2
94916 2
94917 2
94929 2
94961 4
94966 1
94972 2
94976 2
94986 2
94997 1
95026 1
95031 4
95049 2
95057 2
95067 2
95097 2
95118 2
95125 1
95134 2
95145 2
95165 2
95171 4
95184 2
95189 4
95194 1
95206 4
95224 2
95229 2
95260 2
95267 2
95276 2
95285 2
95328 1
95333 2
95344 1
95350 2
95391 3
95406 2
95407 2
95440 3
95457 4
95462 1
95463 3
95476 2
95477 3
95481 2
95504 1
95505 2
95521 1
95525 1
95577 2
95581 4
95595 2
95596 1
95612 2
95625 2
95633 4
95650 2
95655 2
95658 2
95659 2
95667 1
95684 2
95692 2
95697 2
95710 1
95736 4
95746 3
95753 2
95754 2
95782 1
95797 2
95807 2
95828 2
95837 2
95845 2
95846 3
95852 2
95858 3
95883 1
95889 2
95905 4
95911 2
95922 4
95940 2
95945 2
95955 2
95982 2
95991 1
95997 4
96006 2
96021 1
96035 3
96049 2
96050 2
96071 2
96081 2
96089 4
96095 4
96110 2
96111 2
96137 2
96151 2
96178 2
96184 2
96195 1
96196 2
96197 2
96217 2
96222 2
96244 1
96272 1
96281 2
96293 2
96294 2
96326 1
96332 2
96337 2
96344 2
96409 1
96420 4
96426 2
96436 2
96444 2
96452 1
96465 2
96475 4
96476 2
96486 2
96487 2
96504 2
96512 2
96524 4
96539 2
96547 2
96567 4
96581 3
96587 2
96589 4
96607 2
96621 1
96666 2
96683 4
96688 2
96693 2
96694 2
96699 4
96706 2
96707 2
96716 4
96733 4
96734 2
96746 4
96757 1
96762 2
96786 2
96787 1
96805 2
96829 2
96845 2
96850 2
96861 2
96866 4
96867 2
96897 2
96902 1
96920 1
96925 4
96942 2
96946 2
96976 1
96982 1
96987 2
96999 2
97004 2
97009 2
97022 4
97039 1
97057 4
97069 2
97085 2
97102 2
97106 3
97119 2
97126 2
97167 2
97172 4
97212 2
97229 2
97235 2
97246 3
97267 1
97268 4
97285 2
97297 2
97314 2
97327 2
97328 2
97336 2
97341 4
97360 2
97371 4
97377 4
97432 2
97443 3
97470 4
97475 4
97483 2
97484 3
97505 1
97510 2
97542 2
97543 2
97553 2
97554 2
97573 1
97593 4
97594 2
97603 2
97608 2
97625 2
97640 2
97646 2
97651 2
97660 1
97673 1
97695 2
97700 2
97711 4
97730 1
97734 2
97747 4
97752 2
97763 2
97776 2
97793 2
97794 2
97816 2
97820 2
97837 2
97850 2
97864 1
97870 2
97881 4
97885 4
97890 1
97940 2
97944 2
97962 4
97967 1
97972 1
98005 2
98006 2
98023 2
98047 2
98053 4
98092 1
98136 3
98145 1
98151 1
98178 1
98186 2
98187 2
98204 4
98205 2
98216 2
98225 2
98231 2
98236 2
98250 3
98266 1
98270 3
98272 2
98280 2
98286 2
98287 2
98293 4
98310 2
98311 1
98321 2
98322 2
98327 2
98328 2
98333 1
98345 3
98349 2
98352 2
98378 2
98379 3
98400 2
98401 1
98403 2
98411 2
98435 2
98439 2
98443 2
98444 1
98464 2
98468 2
98497 2
98498 2
98510 4
98517 2
98522 1
98534 2
98540 2
98564 4
98565 2
98571 2
98572 2
98589 1
98590 2
98596 2
98597 2
98601 2
98612 2
98613 2
98641 2
98645 2
98646 2
98656 2
98660 2
98668 1
98693 3
98699 2
98702 2
98706 2
98710 2
98738 2
98757 3
98764 2
98769 2
98783 2
98790 2
98795 2
98821 4
98844 2
98857 2
98860 4
98865 2
98885 2
98888 4
98910 4
98929 2
98945 2
98961 2
98971 1
98994 3
99006 2
99036 2
99066 3
99085 3
99102 2
99110 2
99127 1
99137 2
99152 4
99159 2
99168 2
99187 2
99203 2
99212 4
99228 4
99245 4
99255 3
99274 4
99304 2
99305 2
99307 2
99316 2
99319 2
99340 3
99345 2
99350 2
99357 2
99358 2
99365 2
99392 2
99396 4
99401 2
99406 1
99423 2
99428 2
99441 2
99448 2
99458 1
99463 2
99469 4
99490 1
99495 4
99499 4
99512 2
99525 4
99526 2
99560 4
99575 3
99591 2
99597 2
99614 4
99619 2
99639 2
99640 2
99659 1
99670 2
99683 2
99684 1
99685 4
99697 2
99705 2
99711 2
99713 4
99736 2
99742 2
99748 2
99761 1
99782 3
99784 1
99795 2
99834 2
99835 2
99860 2
99862 4
99876 2
99903 2
99911 2
99913 2
99914 2
99918 1
99923 4
99930 2
99953 4
99972 2
99996 4
100012 2
100017 1
100026 2
100044 2
100049 2
100060 4
100069 2
100080 2
100082 2
100089 2
100102 1
100107 1
100108 1
100125 4
100135 2
100141 2
100177 3
100183 3
100200 2
100201 3
100206 2
100210 2
100222 2
100228 2
100232 2
100273 2
100278 2
100295 2
100310 4
100337 2
100342 2
100366 2
100371 2
100378 2
100390 4
100399 3
100400 2
100413 2
100426 1
100441 4
100442 3
100473 4
100487 2
100494 4
100523 4
100533 2
100540 3
100541 2
100545 2
100553 2
100560 2
100566 2
100577 4
100589 1
100597 2
100598 2
100607 1
100631 2
100644 3
100645 3
100667 2
100675 2
100680 2
100685 2
100689 2
100708 2
100710 1
100726 2
100727 2
100728 2
100737 1
100743 2
100746 2
100751 4
100767 2
100787 1
100800 2
100801 2
100807 3
100809 4
100832 2
100838 4
100852 2
100853 1
100864 4
100887 2
100889 2
100895 2
100925 4
100932 2
100942 2
100948 2
100954 4
100959 2
100974 1
100978 4
101004 2
101005 2
101018 2
101032 1
101049 2
101077 4
101089 2
101096 2
101109 2
101131 1
101161 2
101169 2
101174 3
101180 4
101185 2
101186 2
101197 2
101201 2
101223 2
101228 2
101229 2
101242 2
101243 2
101250 2
101275 1
101287 2
101298 4
101303 2
101310 3
101316 3
101321 2
101326 2
101341 2
101342 2
101374 2
101399 2
101400 2
101405 2
101411 2
101417 1
101433 4
101443 2
101448 2
101468 2
101474 2
101502 4
101506 1
101521 2
101531 2
101564 1
101597 2
101598 2
101604 4
101625 2
101635 1
101636 2
101664 2
101667 2
101716 2
101717 2
101719 2
101733 2
101734 2
101735 3
101741 1
101745 2
101746 2
101768 4
101769 3
101770 2
101790 3
101817 2
101818 2
101819 2
101820 2
101824 2
101838 1
101855 1
101866 4
101871 1
101886 2
101887 2
101894 2
101917 2
101918 2
101936 2
101950 1
102014 3
102032 2
102033 2
102052 2
102068 2
102077 2
102088 2
102094 2
102098 2
102102 2
102114 2
102115 2
102137 2
102143 2
102149 3
102154 2
102157 2
102158 2
102185 3
102204 4
102220 2
102221 2
102242 2
102243 2
102269 2
102270 2
102282 2
102283 2
102294 2
102304 2
102317 4
102322 2
102327 2
102343 4
102347 1
102367 2
102368 2
102377 4
102381 2
102387 4
102397 2
102398 2
102426 4
102439 1
102443 2
102450 4
102466 1
102478 2
102479 2
102484 2
102501 2
102508 2
102533 2
102534 2
102541 3
102563 3
102567 2
102584 2
102592 1
102640 1
102642 3
102665 4
102674 2
102683 2
102694 2
102747 4
102795 2
102800 2
102825 3
102826 2
102859 1
102864 3
102871 2
102890 2
102891 4
102910 2
102916 2
102926 2
102930 2
102942 2
102946 2
102947 2
102952 4
102958 2
102984 2
102999 2
103000 2
103021 2
103022 2
103029 2
103038 2
103044 1
103058 3
103070 2
103082 1
103088 4
103148 2
103161 4
103184 2
103205 1
103206 4
103233 3
103239 1
103244 2
103249 1
103251 2
103265 2
103293 2
103315 1
103320 2
103326 2
103333 4
103352 1
103353 2
103370 3
103377 4
103384 2
103389 2
103401 2
103418 2
103419 2
103436 2
103443 2
103465 2
103466 2
103486 1
103492 3
103512 2
103515 2
103527 1
103538 1
103548 1
103559 2
103560 1
103570 1
103591 4
103592 2
103602 1
103611 2
103612 2
103646 4
103647 1
103660 2
103666 2
103681 2
103686 2
103699 1
103723 2
103730 2
103737 2
103745 2
103750 2
103760 2
103778 2
103800 1
103806 2
103810 2
103816 3
103820 2
103826 2
103842 1
103844 2
103851 2
103852 2
103872 4
103877 2
103911 2
103912 2
103931 2
103938 2
103949 2
103959 1
103964 2
103971 2
103985 2
104007 2
104011 2
104021 2
104022 2
104024 2
104032 2
104073 2
104152 2
104186 2
104204 2
104224 2
104239 2
104244 1
104254 2
104259 4
104268 2
104283 2
104293 2
104298 2
104299 2
104315 2
104316 2
104346 2
104347 3
104354 2
104359 2
104371 4
104381 2
104387 2
104404 2
104419 2
104420 2
104435 4
104441 4
104442 3
104460 2
104465 2
104494 2
104499 4
104509 2
104542 1
104548 4
104554 4
104561 2
104562 2
104573 1
104637 4
104657 2
104669 2
104674 3
104695 1
104697 4
104716 1
104734 2
104735 1
104745 2
104761 2
104765 2
104787 2
104794 1
104806 2
104819 2
104820 2
104831 4
104844 1
104860 2
104884 2
104894 2
104895 2
104896 2
104936 2
104953 1
104954 2
104959 2
104972 4
104980 2
104988 2
104992 2
105000 2
105001 2
105009 4
105012 2
105027 1
105062 4
105063 4
105079 4
105087 1
105091 2
105097 2
105111 2
105120 3
105121 2
105126 2
105176 2
105180 2
105185 2
105202 2
105203 2
105218 2
105219 2
105228 2
105238 2
105239 2
105243 2
105253 1
105261 2
105272 4
105294 2
105311 4
105349 2
105359 1
105377 2
105398 2
105431 4
105442 2
105455 2
105464 2
105474 2
105498 2
105525 2
105526 2
105531 2
105552 2
105575 2
105580 2
105622 2
105623 1
105624 2
105638 2
105652 4
105654 4
105671 4
105683 1
105684 4
105702 3
105704 2
105708 2
105728 2
105762 2
105764 2
105770 1
105778 2
105779 2
105784 2
105799 4
105809 4
105814 3
105820 4
105828 2
105853 1
105870 1
105881 2
105885 2
105896 2
105897 3
105919 4
105942 2
105959 1
105975 3
105979 4
105984 2
105998 2
106009 2
106014 1
106015 2
106021 2
106039 4
106064 4
106089 2
106094 3
106098 2
106099 2
106116 4
106142 2
106143 1
106148 4
106153 4
106160 4
106192 3
106199 2
106210 2
106219 2
106230 4
106254 2
106261 3
106262 3
106295 2
106304 3
106306 2
106311 1
106318 2
106335 2
106360 4
106364 2
106369 2
106380 3
106393 2
106394 3
106409 2
106410 2
106414 2
106415 2
106443 2
106444 2
106453 2
106480 2
106481 1
106483 2
106491 4
106509 2
106523 2
106536 2
106539 2
106549 4
106550 2
106559 3
106560 2
106590 1
106599 2
106614 2
106625 2
106626 2
106652 2
106657 2
106667 2
106674 2
106679 3
106681 4
106685 2
106694 2
106700 1
106701 4
106719 2
106720 2
106725 2
106747 4
106752 2
106762 2
106767 2
106810 1
106829 2
106834 2
106853 2
106858 1
106863 2
106864 2
106897 2
106903 2
106904 3
106925 2
106931 4
106956 2
106960 2
106965 2
106966 2
106982 3
106987 3
107024 2
107029 2
107035 1
107043 2
107050 2
107051 2
107056 2
107076 2
107085 2
107097 2
107114 2
107115 2
107132 2
107137 2
107157 2
107162 2
107169 4
107181 2
107190 2
107192 2
107193 2
107198 2
107212 2
107215 2
107218 2
107224 1
107242 2
107247 4
107280 1
107331 2
107338 1
107386 2
107387 4
107392 4
107405 2
107406 4
107417 2
107425 1
107433 2
107441 2
107442 2
107481 2
107490 2
107491 2
107496 2
107522 1
107531 4
107541 3
107542 2
107564 4
107578 2
107579 2
107605 2
107614 1
107616 4
107617 3
107624 2
107628 4
107636 1
107662 2
107666 2
107682 3
107687 2
107712 2
107720 3
107737 1
107746 2
107752 4
107766 2
107767 2
107773 3
107797 2
107807 2
107821 2
107825 1
107831 2
107837 2
107841 2
107848 3
107888 3
107893 1
107909 2
107924 2
107932 2
107933 2
107949 2
107950 2
107967 2
107968 2
107978 2
107984 2
107988 1
107989 2
108054 4
108056 2
108057 1
108063 2
108069 1
108113 3
108119 2
108120 2
108121 2
108126 4
108145 1
108169 2
108180 2
108190 2
108195 2
108205 2
108211 2
108212 1
108227 2
108260 4
108290 2
108298 2
108326 2
108334 2
108343 1
108345 4
108351 2
108360 2
108378 4
108379 1
108383 3
108395 1
108405 2
108406 3
108418 4
108453 3
108473 2
108474 2
108496 1
108509 2
108519 4
108542 2
108543 2
108564 1
108571 2
108582 4
108601 2
108607 2
108617 4
108623 4
108645 2
108653 2
108657 2
108670 2
108683 2
108687 1
108691 2
108722 2
108723 4
108733 4
108745 2
108755 4
108760 4
108780 2
108791 2
108806 4
108818 2
108836 1
108858 2
108863 1
108892 2
108900 2
108910 2
108941 2
108951 2
109025 2
109036 2
109043 1
109092 4
109102 1
109103 2
109110 2
109116 2
109121 2
109134 2
109149 2
109171 2
109180 1
109189 2
109205 1
109216 2
109225 3
109265 4
109269 4
109291 2
109296 2
109302 2
109307 1
109323 2
109324 4
109336 2
109337 3
109340 2
109341 2
109356 4
109386 2
109387 2
109395 2
109399 2
109400 2
109414 2
109422 4
109428 4
109433 2
109462 2
109467 2
109468 2
109480 4
109493 2
109529 3
109539 2
109548 2
109552 2
109553 2
109554 2
109564 2
109570 3
109601 1
109630 1
109631 2
109636 1
109655 2
109662 2
109686 2
109693 2
109694 2
109711 2
109725 4
109731 4
109737 2
109743 1
109750 2
109754 2
109767 1
109769 2
109784 1
109788 4
109805 3
109822 2
109834 1
109835 4
109860 4
109877 1
109883 2
109884 2
109897 2
109906 2
109924 2
109939 2
109952 3
109957 2
109958 2
109963 2
109968 1
109988 3
109993 4
110020 2
110024 2
110042 2
110046 2
110058 4
110078 2
110088 3
110093 2
110097 2
110104 2
110117 3
110118 2
110125 2
110136 2
110138 2
110151 4
110175 1
110177 2
110182 4
110187 1
110196 2
110209 2
110219 2
110239 4
110245 4
110246 2
110254 2
110255 2
110261 2
110262 1
110267 2
110276 2
110299 2
110305 2
110312 2
110337 2
110338 4
110357 2
110378 2
110391 2
110393 4
110407 2
110412 2
110413 2
110421 2
110429 2
110448 2
110449 2
110453 2
110461 2
110462 2
110488 2
110511 2
110512 2
110527 4
110537 2
110542 1
110560 4
110564 1
110573 3
110574 2
110588 3
110594 2
110597 4
110620 2
110630 1
110640 1
110645 2
110652 2
110664 2
110665 2
110672 2
110681 2
110686 2
110702 3
110713 4
110729 1
110746 2
110747 2
110761 1
110770 2
110771 3
110797 1
110802 2
110826 4
110827 2
110855 2
110859 2
110866 2
110902 3
110917 3
110931 2
110932 2
110960 1
110966 1
110973 3
110987 2
110997 2
111008 2
111019 2
111034 2
111035 2
111041 2
111056 2
111060 2
111070 2
111076 2
111082 2
111102 4
111121 1
111130 2
111150 2
111186 4
111197 4
111204 1
111227 2
111239 2
111252 2
111271 4
111277 2
111282 2
111327 1
111329 2
111330 2
111334 2
111340 2
111348 2
111349 4
111372 2
111396 2
111397 2
111430 3
111431 3
111441 2
111455 2
111456 2
111469 2
111505 1
111516 2
111529 1
111556 2
111558 2
111568 2
111569 2
111574 4
111597 2
111606 4
111616 3
111622 1
111632 1
111654 2
111670 2
111680 4
111685 1
111690 2
111701 2
111702 1
111714 2
111750 1
111751 4
111781 4
111806 1
111848 2
111853 2
111882 4
111898 2
111902 2
111924 4
111925 3
111932 1
111942 4
111947 2
111954 2
111967 4
111981 4
111999 3
112047 4
112064 2
112065 2
112073 3
112079 2
112094 2
112095 2
112103 3
112104 2
112106 2
112111 2
112127 1
112155 4
112173 2
112174 1
112180 2
112189 1
112199 2
112204 4
112205 2
112207 2
112208 3
112223 1
112268 2
112285 2
112292 2
112300 2
112301 2
112314 2
112335 3
112339 1
112347 2
112353 2
112358 3
112363 1
112381 1
112386 2
112387 2
112393 1
112423 1
112446 2
112452 2
112473 2
112479 2
112485 2
112520 2
112526 4
112531 1
112532 1
112550 1
112557 2
112560 4
112565 2
112567 2
112580 2
112588 2
112601 2
112607 2
112634 1
112651 3
112663 3
112672 2
112674 4
112696 2
112700 2
112718 4
112726 1
112744 2
112749 3
112755 2
112758 2
112765 2
112766 2
112782 2
112783 2
112788 4
112805 2
112806 2
112823 2
112829 3
112834 1
112839 1
112841 4
112858 4
112876 2
112877 2
112885 2
112892 1
112893 2
112922 4
112931 2
112933 1
112938 1
112964 1
112977 2
112993 2
113005 1
113010 2
113026 4
113065 4
113069 1
113082 2
113092 1
113093 3
113099 2
113114 4
113131 2
113136 2
113137 2
113142 2
113146 2
113147 2
113152 4
113179 1
113189 2
113190 2
113198 2
113218 2
113261 2
113337 1
113338 1
113346 2
113347 2
113352 2
113355 2
113385 2
113388 2
113437 4
113444 2
113455 2
113456 1
113477 3
113488 2
113493 4
113500 4
113521 1
113528 2
113530 4
113531 1
113544 2
113545 2
113552 2
113562 4
113571 2
113584 4
113633 2
113638 2
113655 1
113682 2
113688 4
113700 4
113714 2
113776 2
113799 2
113825 2
113830 2
113845 1
113858 1
113859 2
113868 2
113883 1
113908 2
113916 2
113917 2
113924 2
113925 2
113930 2
113934 4
113939 2
113944 3
113960 2
113965 1
113971 2
113978 2
113988 2
114014 2
114018 2
114027 3
114035 2
114056 2
114062 3
114067 2
114072 4
114073 2
114085 2
114096 1
114102 4
114109 2
114117 4
114123 2
114139 4
114141 2
114166 2
114167 2
114170 4
114208 4
114231 4
114239 4
114254 4
114262 4
114263 4
114281 1
114284 2
114289 2
114319 2
114334 1
114354 2
114365 4
114405 4
114419 3
114427 4
114448 2
114463 2
114471 2
114481 2
114513 2
114525 2
114528 2
114533 2
114539 2
114552 3
114557 2
114600 2
114607 2
114642 3
114648 2
114649 4
114668 2
114674 2
114695 4
114698 2
114710 2
114717 2
114727 2
114728 4
114745 3
114767 2
114842 2
114861 2
114862 2
114889 1
114890 4
114894 1
114906 2
114909 2
114910 2
114914 2
114915 3
114920 2
114965 2
114979 4
114981 2
115004 4
115023 1
115048 1
115071 2
115082 2
115083 4
115098 1
115115 2
115146 2
115158 2
115178 4
115201 2
115220 1
115247 2
115249 4
115263 3
115269 4
115280 2
115284 3
115294 1
115305 2
115306 4
115311 4
115326 2
115327 2
115338 4
115369 2
115370 2
115382 2
115383 2
115393 1
115394 4
115428 2
115444 2
115448 4
115460 1
115466 2
115471 3
115478 2
115488 2
115505 2
115509 4
115518 2
115522 2
115534 1
115555 1
115577 2
115578 2
115586 2
115587 3
115588 4
115617 2
115657 4
115662 1
115667 2
115681 2
115689 3
115690 2
115704 4
115712 2
115734 1
115740 1
115742 2
115788 2
115794 2
115817 1
115832 2
115870 3
115892 2
115902 2
115921 3
115953 2
115967 4
115984 2
115990 2
116001 2
116012 4
116018 4
116045 2
116056 2
116058 2
116064 1
116091 4
116097 4
116105 3
116134 2
116169 2
116173 3
116185 2
116209 2
116216 4
116222 1
116265 1
116271 4
116282 4
116302 2
116313 2
116320 2
116339 1
116379 2
116386 2
116387 2
116422 2
116430 2
116434 4
116477 3
116486 1
116496 2
116497 2
116520 2
116532 1
116552 1
116584 4
116588 4
116605 1
116664 3
116675 4
116687 1
116707 2
116731 2
116733 2
116742 2
116754 4
116755 1
116761 3
116762 2
116802 4
116817 2
116818 2
116841 2
116847 1
116849 3
116864 4
116888 2
116935 1
116941 1
116956 2
116962 2
116968 4
116983 1
116989 1
116998 4
117009 2
117033 4
117039 4
117068 4
117082 4
117094 2
117107 4
117118 4
117130 1
117150 4
117165 1
117175 2
117177 1
117187 2
117196 1
117199 2
117235 2
117243 4
117244 1
117265 2
117266 2
117289 1
117329 1
117345 1
117352 2
117357 2
117400 1
117414 1
117435 1
117449 2
117459 4
117477 4
117478 4
117485 2
117489 2
117498 2
117499 1
117564 2
117575 4
117624 1
117631 1
117655 1
117676 2
117682 4
117702 2
117727 2
117728 2
117733 2
117745 2
117760 4
117761 4
117777 1
117794 2
117811 2
117817 1
117848 2
117865 3
117875 2
117881 1
117909 2
117910 2
117911 1
117922 3
117924 2
117940 4
117941 1
117994 2
117999 2
118012 2
118021 2
118022 2
118028 2
118064 2
118071 4
118084 4
118089 1
118110 4
118114 1
118124 2
118130 3
118134 2
118149 1
118187 2
118205 2
118206 2
118223 4
118224 1
118233 2
118245 4
118250 1
118255 4
118267 2
118268 2
118305 2
118359 4
118376 4
118388 4
118416 3
118425 1
118430 1
118434 1
118469 2
118473 3
118483 3
118528 2
118534 2
118542 1
118544 2
118558 4
118563 3
118587 1
118595 4
118597 4
118602 4
118653 4
118673 1
118688 2
118726 3
118737 2
118760 2
118761 4
118766 4
118784 2
118809 3
118816 1
118826 4
118838 2
118849 1
118854 2
118860 2
118871 1
118898 1
118913 1
118918 1
118947 4
118956 4
118992 1
118993 2
118999 2
119014 2
119024 1
119035 1
119051 2
119058 2
119086 2
119091 1
119092 4
119114 2
119123 2
119130 1
119142 3
119148 1
119163 4
119173 4
119174 2
119185 2
119199 4
119230 1
119250 2
119252 2
119264 2
119269 2
119301 2
119306 2
119310 2
119326 2
119337 2
119339 2
119352 1
119375 1
119429 1
119436 2
119460 2
119465 1
119472 1
119496 2
119529 2
119588 4
119621 1
119627 2
119645 3
119646 1
119696 2
119708 2
119717 2
119756 4
119768 1
119791 1
119799 1
119809 4
119814 4
119834 3
119859 3
119875 2
119909 2
119910 2
119938 4
119939 2
119957 4
119972 4
119984 1
119997 2
119998 3
120005 4
120047 3
120056 2
120073 4
120082 2
120108 3
120109 2
120151 1
120179 2
120189 4
120195 2
120243 4
120257 2
120262 2
120268 2
120274 1
120280 2
120291 3
120298 4
120318 2
120319 2
120340 2
120355 2
120387 2
120397 2
120417 4
120427 2
120433 4
120463 3
120464 2
120482 2
120491 2
120517 4
120518 1
120540 3
120551 4
120576 2
120577 2
120585 2
120589 2
120590 4
120597 1
120610 1
120623 2
120628 1
120640 3
120653 2
120673 3
120705 4
120709 1
120724 3
120741 4
120752 2
120758 1
120807 2
120808 4
120817 4
120823 2
120832 2
120905 3
120917 4
120922 2
120927 2
120932 2
120945 2
120964 2
120965 2
121000 2
121001 3
121006 2
121035 1
121040 4
121096 1
121106 4
121137 3
121150 3
121176 3
121178 1
121193 3
121197 1
121199 1
121216 1
121217 1
121244 3
121260 3
121270 3
121271 1
121274 3
121275 1
121285 1
121298 4
121299 1
121302 3
121304 3
121329 1
121337 3
121343 1
121355 3
121363 1
121365 3
121371 3
121374 1
121377 1
121379 1
121381 1
121389 4
121391 3
121398 3
121415 1
121428 3
121442 3
121443 3
121444 3
121450 3
121451 3
121454 1
121457 3
121465 1
121466 3
121490 1
121500 3
121527 1
121533 3
121544 1
121558 3
121559 3
121571 1
121574 3
121575 1
121576 3
121580 1
121582 1
121598 1
121619 3
121625 1
121668 3
121682 3
121683 3
121691 3
121729 1
121744 1
121755 1
121760 3
121766 3
121768 1
121797 1
121800 1
121803 1
121822 1
121831 1
121832 1
121833 1
121836 1
121837 1
121838 1
121851 1
121852 1
121867 2
121870 1
121900 2
121901 1
121917 1
121923 1
121924 3
121932 1
121944 3
121947 1
121954 3
121961 3
121970 3
121971 3
121972 3
121974 3
121975 3
121978 3
121980 3
121981 3
121983 3
121984 3
121991 3
122002 3
122007 3
122009 3
122027 3
122036 3
122038 3
122048 3
122049 3
122051 3
122058 3
122059 3
122062 3
122064 3
122066 3
122070 3
122073 3
122075 3
122077 3
122081 3
122089 3
122093 3
122097 3
122098 3
122099 3
122101 3
122106 3
122107 3
122108 3
122110 3
122119 3
122120 3
122131 3
122140 3
122142 3
122147 3
122163 3
122164 3
122168 3
122169 3
122173 3
122174 3
122184 3
122195 3
122198 3
122202 3
122204 3
122205 3
122208 3
122209 3
122214 3
122215 3
122218 3
122219 3
122222 3
122223 3
122224 3
122225 3
122228 3
122231 3
122232 3
122233 3
122234 3
122235 3
122248 3
122249 3
122252 3
122254 3
122255 3
122256 3
122258 3
122259 3
122263 3
122269 3
122273 3
122274 3
122275 3
122278 3
122279 3
122280 3
122285 3
122289 3
122309 3
122310 3
122311 3
122316 3
122320 3
122325 3
122326 3
122331 3
122336 3
122339 3
122341 3
122348 3
122351 3
122353 3
122354 3
122356 3
122357 3
122358 3
122359 3
122360 3
122364 3
122365 3
122370 3
122376 3
122377 3
122378 3
122382 3
122383 3
122386 3
122387 3
122390 3
122393 3
122394 3
122395 3
122400 3
122401 3
122403 3
122405 3
122407 3
122408 3
122410 3
122412 3
122413 3
122414 3
122417 3
122418 3
122419 3
122420 3
122423 1
122429 3
122432 3
122438 3
122439 3
122444 3
122446 3
122447 3
122450 3
122451 3
122454 3
122459 3
122460 3
122466 3
122470 3
122475 3
122478 3
122481 3
122488 3
122490 3
122491 3
122499 3
122500 3
122501 3
122504 3
122505 3
122508 3
122510 3
122511 3
122512 3
122514 3
122521 3
122522 3
122523 3
122532 3
122538 3
122540 3
122542 3
122553 3
122557 3
122559 3
122561 3
122565 1
122567 3
122568 3
122569 3
122573 3
122576 3
122580 3
122583 3
122594 3
122596 3
122601 3
122603 3
122604 3
122610 3
122617 3
122618 3
122622 3
122626 3
122629 3
122633 3
122635 3
122637 3
122639 3
122649 3
122651 3
122652 3
122654 3
122657 3
122659 3
122661 3
122662 3
122665 3
122668 3
122671 3
122673 3
122677 3
122678 3
122680 3
122682 3
122684 3
122686 3
122688 3
122691 3
122695 3
122699 3
122702 3
122705 3
122709 3
122710 3
122716 3
122720 3
122724 3
122726 3
122727 3
122730 3
122732 3
122733 3
122735 3
122736 3
122738 3
122741 3
122744 3
122745 3
122749 3
122751 3
122763 3
122765 3
122766 3
122772 3
122774 3
122776 3
122781 3
122782 3
122783 3
122785 3
122786 3
122787 3
122792 3
122795 3
122796 3
122798 3
122799 3
122801 3
122803 3
122804 3
122807 3
122809 3
122810 3
122813 3
122814 3
122816 3
122817 3
122819 3
122823 3
122824 3
122828 3
122831 3
122833 3
122834 3
122835 3
122836 3
122840 3
122841 3
122842 3
122843 3
122844 3
122848 3
122851 3
122852 3
122857 3
122860 3
122863 3
122864 3
122866 1
122867 3
122869 3
122872 3
122873 3
122875 3
122876 3
122877 3
122880 3
122882 3
122886 3
122887 3
122891 3
122892 3
122894 3
122895 3
122899 3
122900 3
122901 3
122902 3
122903 3
122913 3
122917 3
122930 3
122936 3
122937 3
122941 3
122942 3
122943 3
122945 3
122953 1
122956 3
122962 3
122965 3
122966 3
122971 3
122973 3
122975 3
122979 3
122984 3
122985 3
122987 3
122994 3
122995 3
122997 3
122998 3
123002 3
123005 3
123006 3
123009 3
123013 3
123014 3
123015 3
123016 3
123018 3
123020 3
123024 3
123026 3
123027 3
123029 3
123032 3
123034 3
123037 3
123038 3
123042 3
123043 3
123048 3
123049 3
123050 3
123052 3
123054 3
123057 3
123058 3
123062 3
123069 3
123071 3
123074 3
123077 3
123078 3
123081 3
123082 3
123090 3
123091 3
123092 3
123095 3
123102 3
123105 3
123107 3
123110 3
123111 3
123114 3
123119 3
123120 3
123124 3
123127 3
123132 3
123134 3
123138 3
123143 3
123146 3
123150 3
123151 3
123152 3
123153 3
123154 3
123155 3
123156 3
123158 3
123161 3
123164 3
123165 3
123166 3
123171 3
123172 3
123177 3
123179 3
123180 3
123181 3
123182 3
123186 3
123187 3
123194 3
123201 3
123206 3
123207 3
123209 3
123212 3
123213 3
123214 3
123216 3
123217 3
123226 3
123229 3
123230 3
123233 3
123239 3
123240 3
123245 3
123248 3
123249 3
123251 3
123252 3
123254 3
123256 3
123259 3
123260 3
123267 3
123268 3
123270 3
123271 3
123275 3
123279 3
123280 3
123287 3
123296 3
123303 3
123312 3
123313 3
123315 3
123318 3
123323 3
123325 3
123326 3
123329 3
123331 3
123341 3
123342 3
123346 3
123351 3
123352 3
123356 3
123360 3
123363 3
123365 3
123367 3
123369 3
123373 3
123374 3
123375 3
123378 3
123381 3
123384 3
123385 3
123386 3
123387 3
123388 3
123389 3
123393 3
123404 3
123407 3
123412 3
123413 3
123416 3
123417 3
123418 3
123421 3
123423 3
123428 3
123430 3
123435 3
123439 3
123442 3
123454 3
123460 3
123463 3
123464 3
123466 3
123467 3
123468 3
123469 3
123474 3
123483 3
123484 3
123486 3
123490 3
123491 3
123496 3
123497 3
123498 3
123499 3
123500 3
123506 3
123507 3
123509 3
123510 3
123513 3
123514 3
123515 3
123520 3
123524 3
123525 3
123526 3
123530 3
123539 3
123540 3
123561 3
123563 1
123564 3
123565 3
123577 3
123580 3
123581 3
123583 3
123584 3
123588 3
123590 1
123591 3
123592 3
123595 3
123597 1
123601 3
123603 3
123616 1
123617 3
123620 3
123628 3
123636 1
123642 3
123649 3
123657 3
123660 3
123662 3
123663 3
123666 3
123676 3
123678 3
123679 3
123681 3
123685 3
123686 3
123689 3
123692 3
123694 3
123695 3
123700 3
123701 3
123704 3
123712 1
123713 3
123718 3
123720 3
123723 3
123725 3
123726 3
123729 3
123731 3
123733 3
123734 3
123739 3
123740 3
123741 3
123743 3
123746 3
123749 3
123751 3
123757 3
123758 3
123763 3
123768 3
123769 3
123772 3
123773 3
123776 3
123777 3
123778 3
123779 3
123787 3
123790 3
123791 3
123793 3
123794 3
123798 3
123806 3
123810 1
123811 3
123812 3
123813 3
123816 1
123817 3
123818 3
123821 3
123828 3
123829 3
123834 3
123837 3
123841 3
123843 3
123850 3
123851 3
123860 3
123861 3
123862 3
123863 3
123864 3
123872 3
123875 3
123876 3
123881 3
123882 3
123885 3
123889 3
123890 3
123892 3
123893 3
123896 3
123897 3
123903 3
123905 3
123907 3
123908 3
123910 3
123912 3
123913 3
123914 3
123915 3
123917 3
123919 3
123921 3
123922 3
123924 3
123926 3
123927 1
123935 3
123936 3
123944 3
123945 3
123952 3
123954 1
123956 3
123963 3
123964 3
123968 3
123970 3
123972 3
123973 3
123982 3
123983 3
123984 3
123985 3
123990 3
123992 3
123997 3
124000 3
124007 3
124012 3
124015 3
124016 3
124020 3
124027 3
124028 3
124031 3
124035 3
124037 3
124038 1
124041 3
124042 3
124047 3
124048 3
124049 3
124050 3
124052 3
124055 3
124056 3
124059 3
124061 3
124068 3
124069 3
124074 3
124082 3
124087 3
124088 3
124095 1
124098 3
124100 3
124106 3
124108 3
124110 3
124113 1
124114 1
124115 3
124117 3
124122 1
124128 3
124129 3
124131 3
124135 1
124140 3
124153 1
124154 1
124162 3
124166 3
124167 3
124170 3
124172 3
124173 3
124175 3
124177 1
124178 3
124179 3
124181 3
124198 1
124202 3
124203 3
124204 3
124205 3
124207 3
124212 3
124216 3
124221 1
124222 3
124227 3
124228 3
124232 3
124241 1
124247 3
124249 3
124255 3
124261 3
124263 3
124265 1
124276 3
124279 3
124283 3
124284 3
124286 1
124289 3
124293 3
124296 3
124297 3
124302 3
124303 3
124304 3
124312 3
124317 3
124318 3
124326 3
124329 3
124330 3
124333 3
124340 3
124343 3
124345 3
124350 3
124354 3
124359 3
124366 3
124370 3
124373 3
124376 3
124387 3
124393 3
124396 3
124402 3
124403 3
124406 3
124407 3
124408 3
124428 3
124431 3
124443 3
124448 3
124449 3
124453 3
124454 3
124455 3
124461 3
124462 1
124469 3
124471 3
124475 3
124480 3
124484 3
124489 3
124491 3
124493 3
124495 3
124498 3
124505 3
124508 3
124511 3
124512 3
124516 3
124517 3
124525 3
124526 3
124538 3
124543 3
124546 3
124548 3
124566 3
124568 3
124569 3
124578 3
124583 3
124585 3
124588 3
124591 3
124593 3
124595 3
124606 3
124607 3
124611 3
124613 3
124618 3
124620 3
124628 3
124632 3
124634 3
124640 3
124641 3
124645 3
124647 3
124648 3
124650 3
124651 3
124653 3
124659 3
124664 3
124667 3
124671 3
124673 3
124675 3
124677 3
124680 3
124685 3
124690 3
124694 3
124696 3
124699 3
124702 3
124704 3
124706 3
124712 3
124718 3
124720 3
124722 1
124723 3
124728 1
124730 3
124731 3
124743 3
124744 3
124751 3
124755 3
124757 3
124759 3
124760 3
124763 3
124766 3
124767 3
124774 1
124775 1
124783 3
124784 1
124788 3
124789 2
124801 1
124802 3
124817 1
124821 3
124823 1
124829 1
124830 3
124835 3
124836 3
124844 1
124846 3
124849 3
124851 3
124855 1
124858 3
124864 2
124866 3
124867 3
124869 1
124870 1
124875 3
124876 3
124881 3
124883 3
124891 3
124892 3
124895 3
124898 3
124904 3
124906 3
124912 3
124914 1
124920 3
124921 3
124931 3
124941 3
124949 3
124952 3
124953 3
124955 3
124959 3
124965 1
124971 3
124973 3
124976 3
124977 1
124978 3
124980 3
124981 3
124982 1
124986 3
124988 3
124998 3
125010 3
125013 3
125015 3
125023 1
125026 3
125030 3
125031 3
125036 3
125041 3
125043 3
125044 3
125048 3
125049 3
125050 3
125056 1
125058 3
125069 3
125081 3
125085 3
125092 3
125095 3
125096 3
125097 3
125100 3
125106 3
125108 3
125113 3
125116 3
125122 3
125123 3
125128 3
125130 1
125133 3
125136 3
125159 3
125161 3
125164 3
125165 3
125167 3
125169 3
125171 3
125180 3
125182 3
125183 3
125192 1
125193 3
125196 3
125197 3
125198 3
125199 3
125200 3
125209 3
125213 1
125216 3
125220 3
125222 3
125223 3
125224 3
125225 3
125227 1
125228 3
125232 3
125233 3
125238 3
125241 1
125248 3
125249 3
125253 3
125256 3
125259 3
125270 3
125273 3
125277 3
125278 3
125279 3
125283 3
125285 3
125288 3
125292 3
125294 3
125298 3
125299 3
125300 3
125304 3
125305 3
125306 3
125310 3
125315 3
125316 3
125327 3
125328 3
125329 3
125331 3
125337 3
125338 1
125341 3
125343 3
125345 3
125357 1
125364 3
125366 3
125367 3
125369 3
125370 3
125373 3
125377 3
125380 3
125383 3
125384 3
125391 3
125393 3
125398 3
125403 3
125407 3
125408 3
125409 3
125412 3
125424 3
125427 3
125428 3
125430 3
125433 3
125439 3
125440 3
125447 1
125449 3
125450 3
125451 3
125457 3
125459 3
125462 3
125465 3
125471 3
125472 3
125474 3
125476 1
125479 3
125489 3
125492 1
125498 3
125500 3
125504 1
125505 3
125506 3
125511 1
125534 3
125537 3
125553 3
125557 3
125561 3
125577 3
125585 3
125596 3
125597 3
125599 1
125600 3
125603 3
125610 3
125616 3
125620 3
125631 3
125636 1
125645 3
125646 3
125655 3
125657 3
125661 1
125663 3
125664 1
125668 3
125669 3
125670 3
125671 1
125672 3
125675 1
125686 3
125690 1
125691 1
125692 1
125693 3
125695 3
125700 1
125703 1
125705 3
125707 1
125709 1
125710 1
125713 1
125716 1
125717 3
125718 3
125719 1
125720 1
125721 1
125727 1
125729 3
125731 3
125735 3
125739 3
125741 3
125743 1
125745 1
125749 3
125750 3
125751 3
125752 1
125754 3
125757 3
125758 3
125760 1
125771 1
125773 3
125781 3
125782 3
125783 3
125785 1
125788 3
125795 3
125796 1
125797 3
125798 3
125800 1
125802 1
125806 3
125807 1
125808 3
125812 1
125815 3
125820 3
125822 1
125825 1
125827 3
125829 3
125838 1
125843 3
125847 3
125850 3
125853 1
125854 3
125858 1
125867 3
125873 3
125874 3
125883 1
125884 3
125887 3
125889 1
125894 3
125896 1
125899 1
125900 1
125917 3
125920 1
125925 1
125928 2
125930 3
125931 3
125933 3
125937 3
125938 1
125939 3
125940 3
125942 3
125943 3
125950 3
125951 1
125953 1
125959 3
125960 1
125961 3
125962 1
125964 1
125965 3
125967 3
125971 3
125977 1
125986 3
125987 3
125989 3
125992 1
125995 3
125997 3
125999 2
126001 3
126002 1
126003 3
126005 1
126006 1
126007 3
126009 1
126012 3
126013 3
126014 1
126019 1
126020 1
126027 1
126029 1
126033 3
126035 1
126037 1
126047 3
126052 3
126055 3
126057 3
126061 3
126062 1
126065 1
126068 1
126069 1
126074 1
126075 3
126079 1
126086 1
126088 1
126093 1
126095 1
126097 3
126098 1
126100 3
126109 3
126110 1
126119 1
126120 3
126121 3
126129 3
126131 3
126133 1
126135 3
126144 3
126145 1
126146 1
126148 3
126150 1
126151 1
126152 3
126153 3
126167 1
126170 3
126172 3
126182 1
126186 1
126189 3
126190 3
126199 3
126200 1
126203 1
126209 3
126211 1
126212 3
126221 1
126224 3
126225 1
126228 3
126231 3
126233 1
126234 1
126237 1
126242 1
126243 1
126250 3
126254 3
126258 3
126270 3
126279 3
126280 1
126281 3
126284 3
126285 1
126287 1
126288 1
126289 3
126291 1
126292 3
126295 3
126297 3
126303 1
126308 3
126309 1
126310 3
126312 3
126315 1
126322 3
126325 3
126327 1
126328 1
126330 1
126335 3
126336 4
126339 3
126340 3
126343 3
126345 3
126346 3
126347 3
126348 3
126356 1
126361 3
126364 3
126366 3
126367 3
126368 3
126369 3
126371 3
126372 3
126374 3
126375 3
126376 1
126378 3
126380 3
126383 1
126384 1
126390 3
126392 3
126395 3
126398 3
126403 1
126404 3
126405 3
126412 3
126413 3
126416 3
126417 1
126420 3
126421 1
126424 3
126425 3
126426 3
126427 1
126428 1
126436 3
126438 1
126441 3
126444 3
126445 3
126446 3
126448 3
126455 3
126456 1
126459 3
126460 3
126468 1
126474 3
126480 1
126484 3
126485 3
126491 3
126492 1
126494 3
126500 3
126501 3
126507 3
126508 3
126511 3
126513 3
126514 3
126517 3
126518 3
126519 3
126522 1
126525 3
126534 3
126537 1
126541 3
126545 1
126546 3
126552 3
126556 3
126558 3
126561 3
126563 3
126570 3
126575 3
126580 3
126582 3
126585 3
126587 3
126588 3
126589 3
126592 3
126598 3
126599 3
126606 1
126612 3
126613 3
126615 3
126618 3
126624 3
126627 3
126630 3
126631 3
126638 3
126640 3
126641 3
126642 3
126644 3
126645 3
126646 3
126649 3
126651 3
126652 3
126653 3
126658 3
126660 3
126661 3
126664 3
126665 3
126667 3
126669 3
126670 3
126672 3
126675 3
126676 1
126680 3
126681 3
126683 3
126684 1
126689 3
126690 3
126693 3
126695 3
126697 3
126698 3
126699 3
126701 3
126710 3
126711 1
126714 3
126716 3
126718 1
126720 3
126722 3
126732 3
126733 1
126743 3
126745 3
126749 3
126750 1
126751 3
126754 3
126756 3
126757 3
126758 3
126766 3
126768 3
126769 3
126776 3
126778 3
126781 1
126790 3
126791 1
126792 3
126797 3
126801 3
126804 3
126808 3
126817 3
126818 3
126819 3
126820 3
126822 3
126825 3
126826 3
126829 3
126831 3
126833 3
126836 3
126839 3
126840 3
126844 3
126848 3
126850 2
126854 3
126855 3
126856 3
126857 3
126861 3
126862 3
126864 3
126866 3
126868 1
126875 3
126877 3
126883 3
126884 3
126885 3
126887 3
126888 3
126890 3
126891 3
126892 3
126894 3
126897 3
126898 3
126900 3
126901 3
126902 3
126906 3
126914 3
126921 3
126923 3
126926 3
126928 3
126929 1
126935 3
126936 3
126938 3
126942 3
126946 3
126948 3
126951 3
126952 3
126956 3
126960 3
126963 3
126964 3
126968 3
126971 3
126972 3
126973 3
126979 3
126980 3
126987 3
126992 3
126994 3
126997 3
127003 3
127005 3
127006 3
127007 3
127013 3
127023 3
127027 3
127029 3
127031 3
127032 3
127033 3
127035 3
127037 3
127040 3
127041 3
127042 3
127044 3
127045 3
127047 3
127049 3
127052 3
127053 3
127059 3
127062 3
127063 3
127065 3
127066 3
127069 3
127070 3
127072 3
127074 3
127075 3
127077 3
127080 3
127081 3
127083 3
127089 3
127095 3
127096 3
127100 3
127101 3
127107 3
127110 3
127111 3
127112 3
127115 3
127116 3
127117 3
127126 3
127127 3
127129 3
127132 3
127135 3
127139 1
127140 3
127146 3
127152 3
127153 3
127155 3
127157 3
127158 3
127164 3
127165 3
127166 3
127170 3
127174 3
127175 3
127176 3
127178 3
127179 3
127182 3
127183 3
127184 3
127186 3
127190 3
127192 3
127195 3
127198 3
127200 3
127201 3
127202 1
127250 2
127305 2
127306 2
127350 2
127351 2
127352 2
127357 2
127361 2
127365 2
127436 2
127440 2
127488 2
127494 2
127496 2
127503 2
127516 2
127522 2
127563 2
127564 2
127772 2
127778 2
128095 2
128096 2
128101 2
128236 2
128237 2
128240 2
128516 2
128517 2
128522 2
128523 2
128778 2
128794 2
128980 2
129088 2
129089 2
129200 2
129201 2
129346 2
129371 2
129420 2
129428 2
129524 2
129531 2
129563 2
129606 2
129620 2
129642 2
129649 2
129661 2
129662 2
129665 2
129699 2
129700 2
129714 2
129742 2
129746 2
137810 2
138106 2
138313 2
138638 2
138653 2
139694 2
139695 2
139831 2
139832 2
139964 2
140123 2
140224 2
140247 2
140248 2
140253 2
140394 2
141506 2
141507 2
141514 2
141849 2
142102 2
142108 2
142340 2
142341 2
142460 2
142495 2
143566 3
143576 1
143592 3
143602 1
143624 3
143625 1
143629 1
143636 3
143637 3
143676 1
143726 1
143762 1
143773 1
143778 1
143780 1
143823 1
143825 1
143884 1
143890 3
143921 1
143960 1
143961 3
143962 4
144081 2
144088 1
144124 1
144157 1
144167 1
144168 1
144169 4
144170 1
144203 1
144238 1
144260 1
144274 1
144280 1
144296 1
144300 1
144301 1
144316 1
144335 1
144344 1
144352 1
144353 1
144376 1
144387 2
144389 1
144395 1
144401 1
144403 1
144409 1
144412 1
144414 1
144417 1
144418 1
144425 1
144443 1
144474 1
144485 1
144493 1
144499 1
144533 1
144542 1
144543 1
144571 1
144575 1
144577 1
144578 1
144595 1
144603 1
144619 1
144627 1
144630 1
144638 1
144660 1
144661 1
144665 1
144666 1
144671 1
144676 1
144678 1
144704 1
144713 1
144717 1
144722 1
144724 1
144726 1
144730 1
144731 1
144732 1
144734 1
144741 1
144749 1
144758 1
144762 1
144765 1
144766 1
144767 1
144773 1
144778 1
144783 1
144784 1
144788 1
144790 1
144794 1
144795 1
144802 1
144804 1
144805 1
144808 1
144810 1
144812 1
144814 1
144817 3
144819 1
144820 1
144828 1
144835 1
144836 1
144846 1
144851 1
144852 1
144853 1
144855 1
144856 1
144857 1
144860 4
144864 1
144865 1
144866 1
144868 1
144870 1
144873 1
144877 1
144878 1
144880 1
144886 3
144894 1
144900 1
144904 1
144912 1
144921 1
144922 1
144923 1
144927 1
144928 1
144932 1
144934 1
144941 2
144944 1
144945 1
144949 1
144950 2
144955 1
144958 1
144959 1
144961 1
144973 1
144980 3
144982 1
144992 3
144993 1
144994 1
144996 3
145004 1
145007 1
145009 3
145010 1
145029 1
145030 1
145033 1
145039 1
145045 1
145072 1
145074 1
145081 1
145090 1
145094 1
145095 1
145109 1
145112 3
145119 1
145121 3
145122 3
145123 3
145130 3
145131 3
145136 3
145141 1
145146 3
145152 3
145156 1
145157 3
145166 1
145168 1
145191 1
145193 3
145197 3
145199 1
145202 1
145208 1
145213 1
145216 1
145239 1
145240 1
145248 1
145250 1
145251 1
145262 1
145264 1
145268 1
145280 3
145285 1
145288 1
145296 1
145297 3
145301 1
145302 1
145304 3
145309 1
145311 1
145314 1
145315 1
145317 1
145322 1
145323 1
145325 3
145330 1
145334 1
145340 3
145343 3
145351 1
145352 3
145358 1
145370 1
145375 1
145379 1
145384 1
145388 1
145389 1
145390 1
145393 1
145397 1
145400 1
145401 1
145403 1
145411 1
145412 1
145413 1
145420 1
145424 1
145431 3
145438 1
145441 3
145446 3
145448 1
145451 3
145455 1
145460 3
145462 1
145464 1
145470 3
145488 1
145540 2
145545 2
145547 2
145556 2
145569 2
145573 2
145576 2
145577 2
145581 2
145617 2
145622 2
145623 2
145624 2
145630 2
145636 2
145643 2
145648 2
145657 2
145658 2
145679 2
145684 2
145699 2
145700 2
145706 2
145718 2
145739 2
145748 2
145803 2
145812 2
145829 2
145835 2
145858 2
145859 2
145863 2
145867 2
145868 2
145877 2
145887 2
145902 2
145905 2
145917 2
145918 2
145934 2
145937 2
145938 2
145947 2
145954 2
145955 2
145958 2
145959 2
146035 2
146039 2
146041 2
146045 2
146046 2
146055 2
146066 2
146067 2
146072 2
146073 2
146109 2
146110 2
146119 2
146121 2
146139 2
146140 2
146165 2
146166 2
146170 2
146171 2
146176 2
146177 2
146182 2
146183 2
146187 2
146192 2
146197 2
146203 2
146209 2
146212 2
146213 2
146221 2
146230 2
146231 2
146238 2
146245 2
146252 2
146253 2
146262 2
146269 2
146277 2
146278 2
146282 2
146288 2
146294 2
146295 2
146296 2
146297 2
146314 2
146324 2
146325 2
146330 2
146335 2
146346 2
146358 2
146361 2
146362 2
146363 2
146367 2
146372 2
146377 2
146378 2
146382 2
146386 2
146387 2
146401 2
146404 2
146428 2
146429 2
146442 2
146449 2
146455 2
146461 2
146464 2
146465 2
146468 2
146472 2
146482 2
146483 2
146495 2
146504 2
146505 2
146506 2
146510 2
146522 2
146530 2
146531 2
146543 2
146544 2
146548 2
146552 2
146553 2
146554 2
146577 2
146605 2
146612 2
146646 2
146658 2
146659 2
146725 2
146746 2
146754 2
146763 2
146766 2
146772 2
146799 2
146821 2
146822 2
146831 2
146841 2
146894 2
146946 2
146964 2
146996 2
147007 2
147092 2
147188 4
147273 1
147282 2
147286 1
147343 1
147354 1
147394 1
147402 1
147407 1
147436 1
147456 1
147462 1
147508 4
147525 3
147551 2
147583 1
147615 1
147644 1
147676 3
147715 2
147762 1
147771 2
147863 1
147868 1
147902 1
147903 1
147943 2
147956 1
147971 3
147977 1
147997 1
148009 1
148049 1
148060 1
148072 3
148079 1
148122 1
148134 2
148136 1
148161 4
148174 1
148176 2
148187 1
148213 1
148218 1
148227 1
148266 3
148271 1
148275 4
148276 1
148280 1
148286 1
148291 1
148296 1
148316 1
148329 1
148340 1
148344 3
148368 1
148369 1
148386 1
148400 1
148407 1
148443 1
148458 1
148462 1
148465 1
148466 1
148468 1
148517 1
148561 1
148562 1
148605 1
148614 1
148628 1
148633 1
148663 1
148666 1
148674 3
148698 1
148699 1
148700 1
148713 1
148719 1
148738 1
148744 1
148752 1
148755 1
148768 1
148786 1
148790 1
148792 1
148798 2
148807 3
148809 1
148814 1
148815 1
148825 1
148827 1
148829 1
148868 1
148873 1
148874 1
148883 1
148889 1
148901 1
148912 1
148917 1
148940 1
148944 3
148952 1
148963 1
148978 1
148979 1
148996 1
149002 1
149005 1
149007 1
149010 1
149011 1
149023 3
149024 1
149026 1
149037 1
149040 1
149042 1
149045 1
149047 1
149048 1
149050 1
149052 1
149055 1
149058 1
149072 1
149073 1
149074 1
149077 1
149079 1
149085 1
149088 3
149089 1
149091 1
149094 1
149096 1
149098 1
149100 1
149101 1
149102 1
149103 1
149105 1
149107 1
149115 1
149117 3
149126 1
149130 1
149137 1
149139 1
149140 1
149141 1
149146 1
149149 1
149158 1
149161 1
149162 1
149170 1
149171 1
149173 1
149175 1
149183 1
149185 1
149188 1
149191 1
149195 1
149201 3
149203 1
149214 1
149215 3
149219 1
149224 1
149225 1
149230 1
149234 1
149237 1
149238 1
149246 1
149253 1
149254 1
149255 3
149257 1
149260 3
149262 3
149264 1
149265 1
149266 3
149280 1
149282 1
149293 1
149295 3
149299 1
149305 3
149310 3
149313 1
149326 1
149328 1
149330 3
149334 1
149337 1
149339 1
149346 1
149350 3
149354 1
149358 1
149368 1
149375 1
149383 3
149389 1
149398 1
149405 3
149412 1
149415 3
149420 2
149421 1
149423 1
149430 1
149434 1
149436 1
149438 1
149441 1
149442 1
149451 1
149454 1
149455 1
149459 1
149460 1
149464 3
149467 1
149470 1
149472 1
149477 1
149478 1
149494 1
149496 1
149502 1
149525 1
149528 1
149530 1
149537 1
149538 1
149539 1
149544 1
149567 1
149569 1
149570 3
149576 1
149577 1
149578 1
149581 1
149586 1
149589 1
149617 1
149620 3
149622 1
149627 1
149628 1
149631 1
149633 1
149636 1
149638 1
149651 1
149667 1
149673 3
149791 2
150001 2
150041 2
0 0
