     23607         1   0.98019   0.18835  -0.06120   0.19805  -0.93222   0.30290         1        3.08371
     26463         1   0.89324   0.42759  -0.13893   0.44959  -0.84952   0.27602         1        4.88043
     23687         1   0.89161   0.43064  -0.13992   0.45280  -0.84797   0.27552         1        5.42365
     24246         1   0.90366   0.40729  -0.13234   0.42825  -0.85943   0.27925         1        2.94392
     23694         1   0.91340   0.38713  -0.12579   0.40705  -0.86870   0.28226         1        1.75702
     28198         1   0.97579   0.20801  -0.06759   0.21872  -0.92803   0.30153         1        0.88124
     28176         1   0.97086   0.22792  -0.07406   0.23965  -0.92334   0.30001         1        1.46032
     28100         1   0.96707   0.24206  -0.07865   0.25452  -0.91974   0.29884         1        1.36986
     28222         1   0.94872   0.30066  -0.09769   0.31613  -0.90228   0.29317         1        0.44471
     28127         1   0.94960   0.29813  -0.09687   0.31348  -0.90312   0.29344         1        0.20494
     28151         1   0.95096   0.29417  -0.09558   0.30931  -0.90442   0.29386         1        0.06559
     28216         1   0.95573   0.27983  -0.09092   0.29423  -0.90896   0.29534         1       -0.22399
     28115         1   0.94418   0.31329  -0.10180   0.32942  -0.89797   0.29177         1        0.27375
     28117         1   0.95509   0.28182  -0.09157   0.29632  -0.90834   0.29514         1       -0.06991
     28137         1   0.94865   0.30086  -0.09775   0.31634  -0.90222   0.29315         1        0.09063
     28041         1   0.94614   0.30790  -0.10004   0.32375  -0.89984   0.29237         1        0.20904
     28031         1   0.94214   0.31880  -0.10359   0.33521  -0.89603   0.29114         1        0.39554
     28034         1   0.96431   0.25181  -0.08182   0.26477  -0.91711   0.29799         1       -0.17425
     28132         1   0.95820   0.27210  -0.08841   0.28610  -0.91130   0.29610         1       -0.36108
     28231         1   0.94524   0.31041  -0.10086   0.32638  -0.89897   0.29209         1       -0.18752
     23637         1   0.96735   0.24103  -0.07832   0.25344  -0.92001   0.29893         1        2.44342
     23635         1   0.94127   0.32113  -0.10434   0.33766  -0.89520   0.29087         1        2.98062
     24241         1   0.94062   0.32284  -0.10490   0.33946  -0.89458   0.29067         1       -0.09800
     23998         1   0.95717   0.27535  -0.08947   0.28952  -0.91032   0.29578         1        0.26532
     24001         1   0.98322   0.17348  -0.05637   0.18241  -0.93510   0.30383         1        0.46668
      9590         1   0.97461   0.21295  -0.06919   0.22391  -0.92691   0.30117         1        0.84574
      9589         1   0.95362   0.28627  -0.09301   0.30100  -0.90695   0.29469         1        1.28081
      8569         1   0.96418   0.25228  -0.08197   0.26527  -0.91699   0.29795         1        1.78722
      8568         1   0.96327   0.25539  -0.08298   0.26853  -0.91612   0.29767         1        2.95443
      8817         1   0.95289   0.28847  -0.09373   0.30332  -0.90625   0.29446         1        3.00729
      9495         1   0.94769   0.30357  -0.09864   0.31919  -0.90131   0.29285         1        3.33629
      9496         1   0.89525   0.42376  -0.13769   0.44557  -0.85143   0.27665         1        4.09099
      8885         1   0.93343   0.34119  -0.11086   0.35875  -0.88775   0.28845         1        3.16104
      8884         1   0.93991   0.32471  -0.10550   0.34142  -0.89391   0.29045         1        2.80117
      8887         1   0.95779   0.27340  -0.08883   0.28747  -0.91091   0.29597         1        2.78953
      8471         1   0.97080   0.22816  -0.07413   0.23990  -0.92328   0.29999         1        2.52046
      8948         1   0.95666   0.27695  -0.08999   0.29120  -0.90984   0.29562         1        1.83781
      8869         1   0.86271   0.48095  -0.15627   0.50570  -0.82048   0.26659         1        1.25661
      9297         1   0.87490   0.46059  -0.14966   0.48430  -0.83208   0.27036         1        1.07127
     23876         1   0.95784   0.27325  -0.08879   0.28731  -0.91096   0.29599         1       -0.32013
      9633         1   0.94371   0.31459  -0.10222   0.33078  -0.89752   0.29162         1       -0.06570
     26451         1   0.95481   0.28266  -0.09184   0.29720  -0.90808   0.29505         1        0.10262
      9298         1   0.94856   0.30109  -0.09783   0.31659  -0.90214   0.29312         1        0.43570
     28077         1   0.89671   0.42096  -0.13678   0.44263  -0.85282   0.27710         1        3.46590
     27811         1   0.98560   0.16079  -0.05225   0.16907  -0.93737   0.30457         1        3.34838
     27808         1   0.95750   0.27432  -0.08913   0.28843  -0.91064   0.29588         1        6.65143
     27695         1   0.95387   0.28553  -0.09277   0.30022  -0.90718   0.29476         1        7.57459
     28093         1   0.97891   0.19429  -0.06313   0.20429  -0.93100   0.30250         1        2.70976
     28086         1   0.96653   0.24399  -0.07928   0.25655  -0.91923   0.29867         1        3.09563
     28099         1   0.96560   0.24732  -0.08036   0.26005  -0.91834   0.29839         1        2.50077
     28095         1   0.92400   0.36367  -0.11816   0.38239  -0.87878   0.28553         1        1.84649
     28129         1   0.96243   0.25823  -0.08390   0.27152  -0.91533   0.29741         1        0.25040
     28144         1   0.96186   0.26016  -0.08453   0.27355  -0.91478   0.29723         1        2.54864
     28122         1   0.88925   0.43504  -0.14135   0.45742  -0.84573   0.27479         1        5.67290
     28109         1   0.96658   0.24381  -0.07922   0.25636  -0.91927   0.29869         1        2.76183
     28111         1   0.90400   0.40661  -0.13212   0.42754  -0.85975   0.27935         1        2.35058
     28135         1   0.89764   0.41915  -0.13619   0.44072  -0.85371   0.27739         1        3.41890
     28042         1   0.92041   0.37183  -0.12081   0.39096  -0.87536   0.28442         1        2.40800
     28032         1   0.97913   0.19330  -0.06281   0.20325  -0.93121   0.30257         1        3.40547
     28071         1   0.97047   0.22942  -0.07454   0.24123  -0.92297   0.29989         1        3.83441
     28133         1   0.93680   0.33274  -0.10811   0.34986  -0.89095   0.28949         1        3.32893
     27735         1   0.98000   0.18925  -0.06149   0.19899  -0.93204   0.30284         1        8.81330
     27737         1   0.98537   0.16211  -0.05267   0.17045  -0.93714   0.30449         1        7.87587
     27776         1   0.96811   0.23826  -0.07742   0.25052  -0.92073   0.29916         1        0.33849
     27777         1   0.95226   0.29035  -0.09434   0.30529  -0.90565   0.29426         1        0.71424
     27885         1   0.96328   0.25537  -0.08298   0.26851  -0.91613   0.29767         1        7.15093
     27884         1   0.94995   0.29711  -0.09654   0.31240  -0.90346   0.29355         1        7.06230
     27992         1   0.93032   0.34880  -0.11333   0.36675  -0.88479   0.28748         1        7.24133
     28009         1   0.88497   0.44287  -0.14390   0.46566  -0.84165   0.27347         1        7.54982
     28003         1   0.86052   0.48448  -0.15742   0.50941  -0.81840   0.26592         1        8.55790
     27927         1   0.85934   0.48637  -0.15803   0.51140  -0.81728   0.26555         1       10.05090
     27983         1   0.86226   0.48168  -0.15651   0.50647  -0.82005   0.26645         1        8.38849
     27843         1   0.87954   0.45254  -0.14704   0.47583  -0.83649   0.27179         1        7.64528
     27699         1   0.89194   0.43002  -0.13972   0.45215  -0.84829   0.27562         1        7.40743
     27826         1   0.93472   0.33799  -0.10982   0.35538  -0.88897   0.28884         1        7.49477
     27845         1   0.93653   0.33343  -0.10834   0.35059  -0.89069   0.28940         1        7.30389
     27847         1   0.90587   0.40283  -0.13089   0.42357  -0.86153   0.27993         1        7.00621
     27968         1   0.93559   0.33581  -0.10911   0.35309  -0.88980   0.28911         1        7.02983
     27995         1   0.93384   0.34018  -0.11053   0.35769  -0.88814   0.28857         1        1.14444
     27812         1   0.98062   0.18635  -0.06055   0.19594  -0.93262   0.30303         1        4.21080
     27814         1   0.98160   0.18160  -0.05901   0.19095  -0.93356   0.30333         1        5.08258
     27946         1   0.98060   0.18642  -0.06057   0.19602  -0.93261   0.30302         1        7.62858
     28094         1   0.96582   0.24651  -0.08010   0.25920  -0.91855   0.29846         1        1.34055
     28088         1   0.89522   0.42381  -0.13770   0.44562  -0.85141   0.27664         1        1.16548
     28096         1   0.85122   0.49912  -0.16218   0.52481  -0.80956   0.26304         1        0.44080
     28130         1   0.90886   0.39670  -0.12889   0.41711  -0.86437   0.28085         1        1.39263
     28153         1   0.98367   0.17120  -0.05563   0.18001  -0.93552   0.30397         1        4.82521
     28141         1   0.97327   0.21842  -0.07097   0.22966  -0.92564   0.30076         1        9.89018
     28120         1   0.97331   0.21824  -0.07091   0.22947  -0.92568   0.30077         1        7.20118
     28106         1   0.98050   0.18690  -0.06073   0.19652  -0.93251   0.30299         1        4.39084
     28105         1   0.98167   0.18125  -0.05889   0.19057  -0.93363   0.30335         1        7.62013
     28147         1   0.98448   0.16693  -0.05424   0.17552  -0.93629   0.30422         1        3.07010
     28159         1   0.97045   0.22950  -0.07457   0.24131  -0.92295   0.29988         1        8.29907
     28155         1   0.96658   0.24383  -0.07923   0.25638  -0.91927   0.29869         1       12.60115
     28070         1   0.95885   0.27001  -0.08773   0.28390  -0.91192   0.29630         1        8.79345
     27900         1   0.97555   0.20903  -0.06792   0.21978  -0.92780   0.30146         1       11.95203
     27825         1   0.98757   0.14947  -0.04856   0.15716  -0.93924   0.30518         1        8.23441
     27789         1   0.98147   0.18226  -0.05922   0.19163  -0.93343   0.30329         1        7.74404
     27868         1   0.93372   0.34048  -0.11063   0.35801  -0.88802   0.28853         1        9.14892
     27849         1   0.85356   0.49550  -0.16100   0.52100  -0.81178   0.26376         1       11.26184
     27851         1   0.86314   0.48025  -0.15604   0.50497  -0.82089   0.26672         1       12.47487
     27926         1   0.86342   0.47980  -0.15590   0.50449  -0.82116   0.26681         1        8.09128
     27876         1   0.86301   0.48046  -0.15611   0.50519  -0.82077   0.26668         1        9.07761
     27697         1   0.87903   0.45344  -0.14733   0.47677  -0.83600   0.27163         1        7.78025
     27698         1   0.86793   0.47238  -0.15348   0.49669  -0.82545   0.26821         1        8.69205
     27803         1   0.87990   0.45190  -0.14683   0.47516  -0.83684   0.27190         1       10.13154
     27846         1   0.93585   0.33514  -0.10889   0.35239  -0.89005   0.28919         1        9.86268
     27910         1   0.98305   0.17436  -0.05665   0.18333  -0.93494   0.30378         1        7.85217
     27911         1   0.98928   0.13891  -0.04514   0.14606  -0.94086   0.30570         1        8.32002
     28004         1   0.98323   0.17344  -0.05635   0.18237  -0.93511   0.30383         1        7.35830
     27806         1   0.95178   0.29176  -0.09480   0.30678  -0.90520   0.29412         1        9.76973
     27836         1   0.94095   0.32197  -0.10461   0.33854  -0.89490   0.29077         1       14.96258
     28036         1   0.98112   0.18392  -0.05976   0.19339  -0.93310   0.30318         1       11.51232
     28173         1   0.98643   0.15614  -0.05073   0.16418  -0.93815   0.30482         1       13.15289
     28017         1   0.95961   0.26758  -0.08694   0.28135  -0.91264   0.29653         1       10.33919
     27763         1   0.96622   0.24512  -0.07965   0.25774  -0.91893   0.29858         1        4.58566
     27762         1   0.95746   0.27444  -0.08917   0.28857  -0.91060   0.29587         1        5.03503
     27863         1   0.93674   0.33288  -0.10816   0.35001  -0.89090   0.28947         1        3.60822
     28253         1   0.93249   0.34352  -0.11162   0.36120  -0.88685   0.28815         1        7.38249
     27959         1   0.96552   0.24760  -0.08045   0.26034  -0.91826   0.29836         1       11.70884
     27824         1   0.97626   0.20599  -0.06693   0.21659  -0.92848   0.30168         1        2.55022
     27965         1   0.98543   0.16173  -0.05255   0.17005  -0.93720   0.30452         1       12.81200
     27790         1   0.97892   0.19423  -0.06311   0.20423  -0.93101   0.30250         1        9.87905
     27864         1   0.87940   0.45278  -0.14712   0.47608  -0.83636   0.27175         1        8.18423
     27760         1   0.89307   0.42790  -0.13903   0.44992  -0.84936   0.27597         1        6.35256
     27764         1   0.90877   0.39688  -0.12895   0.41730  -0.86429   0.28082         1        5.17658
     27766         1   0.91819   0.37675  -0.12241   0.39614  -0.87325   0.28374         1        6.69113
     27857         1   0.94215   0.31878  -0.10358   0.33518  -0.89604   0.29114         1       11.50116
     27834         1   0.97351   0.21747  -0.07066   0.22866  -0.92586   0.30083         1       14.04931
     27804         1   0.93749   0.33098  -0.10754   0.34802  -0.89160   0.28970         1       19.00412
     27796         1   0.94628   0.30751  -0.09992   0.32334  -0.89997   0.29242         1       12.73239
     27954         1   0.93952   0.32573  -0.10583   0.34249  -0.89354   0.29033         1        9.49921
