26582
26966
23853
26591
26995
26941
26942
26938
23907
23904
27091
24374
26937
24090
24706
27021
27018
27276
27240
27190
24267
26063
26526
26485
26619
26501
26496
26494
26514
24000
26457
26137
26568
26577
24338
26616
23550
26538
23676
26781
26479
23616
23615
23603
23600
24290
23577
26543
26515
26842
23822
23609
23606
26513
26312
26459
23692
26511
24349
26546
24327
24324
24331
26865
27270
27258
27220
16434
18761
18757
18771
18675
18667
18666
15240
15027
10806
10804
18699
18697
13703
13702
18733
18781
11458
14883
18287
28198
28176
28100
28222
28127
28151
28216
28115
28117
28137
28041
28031
28034
28132
28231
24252
24179
26451
26633
23823
23876
10995
24596
24048
24046
23574
24383
24681
24211
24426
24587
24788
24715
24480
24816
24600
25062
23576
24388
24829
24874
24219
24597
24713
24948
23982
24545
25090
24394
24883
25640
24790
24781
23509
24071
24037
24708
24455
24712
24439
24472
24382
24375
23530
23529
24657
24537
24539
24534
24413
24550
24553
24365
24748
24468
24604
24431
25288
25204
24964
24500
23981
24474
25094
24574
24401
25426
24777
24793
24422
23511
24213
23562
24420
24696
24756
24679
24504
24454
25499
24946
24824
24517
24887
24654
24665
24612
24407
24646
24423
24673
24541
24529
25057
24366
24994
24988
24231
25043
24432
25290
25044
24482
25154
24863
24487
24685
24642
24928
24442
24519
24565
24419
25489
24944
24558
24619
24526
24579
23532
25128
25235
24616
24505
25423
25210
24644
24414
24491
24543
24464
25064
24481
24997
24918
24405
24626
24720
24593
25012
24196
24739
24629
24847
24700
24958
25289
25369
24753
24838
23708
24830
25137
24495
24521
25442
24449
25131
25010
24641
24919
24452
24620
24567
24837
24107
24614
24530
24961
24956
24562
23863
25303
25444
25361
25357
24754
24906
25124
24842
24845
24849
25127
24632
24806
23710
24402
23866
24676
25416
25134
25046
24937
24729
25331
25230
24741
24810
24924
24773
24624
24513
24968
25070
24835
25429
24633
24762
24952
24560
25294
25300
25191
25447
25153
24986
24903
24723
24843
25006
25019
24840
24763
23864
24809
23707
24990
26008
25051
25209
25136
25048
24941
25325
25982
25662
25258
25963
24812
25121
25526
24105
24623
24910
25335
25052
26007
25050
24104
24764
24821
25031
24913
25323
25472
25077
24819
25139
25873
25227
25518
25503
25470
26018
25282
25279
25066
26235
25451
25823
25271
25520
25513
25509
25507
24985
25087
24916
25188
25713
26040
25175
25382
25980
25628
25184
25434
25431
24939
25183
25073
25156
24137
25317
25001
25138
25324
25512
25224
25764
25232
25807
26203
25253
25762
25523
25449
26091
25491
25487
25730
25936
26258
25199
25976
25233
25114
25681
25535
26206
25262
25567
25238
25459
25863
25586
25327
25148
25613
26199
24140
24932
25630
25793
25734
25003
25608
25866
25905
25742
25737
25814
25176
25597
25943
26019
26122
25860
26444
25692
26205
23730
25715
25923
25933
25901
25892
26064
25797
23729
25810
25955
24138
23658
25467
25395
25729
25929
24931
25739
26255
26299
25543
25997
26009
26104
26222
26042
26041
26136
25565
25396
25766
24226
25660
23683
26426
26054
26006
25871
26120
26290
24225
25972
26211
25937
26632
25685
25686
25701
25759
26492
26342
25998
26355
26204
25755
26259
26530
25853
26272
26326
25163
25903
26107
26093
26367
24228
24237
26418
25821
25971
26528
26130
26251
26083
26069
26664
26336
26627
26701
25748
26403
25699
24129
23657
26478
25571
26706
26295
25620
26344
26605
26074
25819
26253
26271
25850
26446
26229
26500
26502
26207
26293
25562
26411
26406
26716
26949
26339
26590
26371
27181
25964
27066
26876
26484
26131
26133
26191
26373
26573
26146
26815
26991
27068
24006
24004
24217
25761
26497
26621
26509
26757
26929
26656
26354
26882
23873
26875
26194
26719
26144
26186
26773
24214
26489
25405
26278
25856
26481
25588
26437
26857
26274
26884
26637
23827
26167
26636
26234
24017
26587
26282
26571
27077
26362
27098
24003
24215
27120
26349
26665
26856
23737
26826
26702
25457
26954
26338
26260
24127
24879
26659
26237
26602
24399
23775
26764
26766
26165
23844
26448
26606
23910
27060
26854
26804
25264
26192
25243
26187
26923
27032
27010
23669
26948
24291
26351
24397
25914
25458
25649
26394
24125
26914
26827
27236
23838
23777
23929
27057
26385
23924
23845
26586
26100
24015
25912
26333
26699
26281
26965
26363
26770
27022
23679
23678
26221
23666
26916
24292
27126
27188
27041
23667
25652
24124
24881
24878
25636
27180
24282
23774
24352
23754
23895
23755
23746
23931
23641
23942
23747
23595
23639
23594
23909
27265
27261
24008
23597
25672
23741
23706
26102
26155
26329
24147
23743
23911
27218
25993
26215
23758
24187
24094
27095
24379
23892
23704
23701
24709
26149
24802
25179
26921
23834
24171
23744
23880
26839
24093
25025
26264
24890
23719
24019
23712
23921
23849
26434
25650
26680
25206
26399
23835
23770
23681
23779
24785
24857
25598
24717
25465
24804
26263
26376
23717
26071
24024
23711
23720
27054
27001
23925
23645
24189
24571
24261
23794
24058
27146
24160
25372
23945
24164
24279
24134
26266
25697
23699
26177
23891
25638
23927
26527
23965
24116
24103
24101
23857
23971
23974
27148
25645
23884
26397
24156
23963
24362
25695
24023
24014
23937
23900
25840
23726
23673
24315
24114
24100
24057
23508
23797
23801
23967
24343
23882
23978
23771
23791
24036
23976
23984
23831
24210
24080
24186
23524
23506
23805
24194
23966
23890
23888
23807
24108
24042
24163
24313
23956
24142
23767
24062
24193
23812
24088
24166
23964
25347
24286
23798
23766
24035
24121
24312
24064
24218
24112
23525
23520
23518
24209
23782
23917
24039
23994
23992
23697
24296
23935
23899
23728
24152
24192
23785
23841
23765
23783
23997
24295
24029
23723
24061
24336
24066
23840
24141
24207
26129
23953
24276
24063
24240
23599
24317
23613
24081
24120
24076
24070
23627
23918
24245
23989
24178
24256
24273
24223
24068
23894
27216
23877
24167
23941
23939
24272
24087
24373
23905
23903
23762
23759
26583
26585
24319
23824
24359
23878
24051
24206
23954
24274
23815
23619
23541
23561
23570
23590
23677
23553
23653
23665
26896
24074
23629
23919
24009
23996
28387
28365
28388
28369
28396
28393
28399
28394
28400
28386
28370
28395
28392
28398
28402
28389
28390
28377
28366
28378
28371
28401
28350
28359
28391
28381
28346
28382
28367
28338
28345
28368
28397
28355
28364
28271
28299
28354
28264
28263
28379
28357
28315
28356
28376
28372
28380
28373
27879
28224
28014
27759
27832
28243
27757
27872
28026
27958
27947
27873
27877
27878
28001
27930
27853
27829
27827
27854
27861
27802
27792
28363
28025
28358
27957
28383
28362
27801
27912
27951
27793
27840
27874
27998
27931
27928
27986
27703
27706
27924
28045
28046
27913
27952
27950
27915
27945
27944
27839
27725
27724
27723
27988
27973
28385
28249
28056
28280
28374
28351
28019
28018
27702
27714
28010
27712
28029
27960
28027
27991
27906
27883
27966
28020
28002
27715
27920
27921
28050
28294
28084
28008
28064
27974
27934
27939
27994
27748
27707
27675
27771
27677
27989
27887
27922
27970
27897
27718
28054
27982
27980
28039
27935
28024
27743
27745
27923
28384
28348
27821
27823
27903
27967
28000
28051
27881
27692
27905
28012
28352
28361
28349
28347
28319
27902
27732
27774
27775
27726
27729
27781
27694
27691
27907
28353
28375
28360
28435
28514
28531
28456
28441
28452
28608
28609
28554
28672
28532
28505
28742
28722
28710
28804
28711
28743
28753
28454
28734
28431
28723
28508
28511
28709
28708
28567
28570
28748
28789
28525
28698
28429
28740
28652
28666
28706
28705
28638
28575
28487
28749
28726
28524
28727
28636
28694
28462
28450
28443
28715
28480
28481
28721
28731
28557
28556
28641
28658
28747
28654
28466
28471
28719
28782
28793
28576
28540
28541
28729
28668
28527
28428
28564
28746
28720
28470
28718
28738
28685
28542
28764
28758
28604
28523
28633
28695
28733
28448
28756
28755
28712
28482
28476
28785
28741
28558
28754
28642
28660
28563
28562
28745
28744
28779
28501
28644
28675
28683
28492
28518
28602
28667
