45327 3 0 0 0
45344 4 0 0 0
45361 4 0 0 0
45833 3 0 0 0
45936 2 0 0 0
45954 2 0 0 0
45961 2 0 0 0
46212 3 0 0 0
46393 2 0 0 0
46407 2 0 0 0
46431 3 0 0 0
46696 3 0 0 0
46802 3 0 0 0
46817 2 0 0 0
46872 3 0 0 0
47068 2 0 0 0
47111 2 0 0 0
47145 2 0 0 0
47146 3 0 0 0
47577 3 0 0 0
47655 2 0 0 0
47986 3 0 0 0
48000 2 0 0 0
48366 3 0 0 0
48509 3 0 0 0
48537 3 0 0 0
48545 3 0 0 0
48568 3 0 0 0
48644 3 0 0 0
48739 3 0 0 0
49363 2 0 0 0
49454 3 0 0 0
50086 2 0 0 0
50155 1 0 0 0
50381 4 0 0 0
50414 3 0 0 0
50515 3 0 0 0
50738 3 0 0 0
50754 3 0 0 0
50759 3 0 0 0
51060 2 0 0 0
51098 3 0 0 0
51205 1 0 0 0
51283 1 0 0 0
51286 2 0 0 0
51481 1 0 0 0
51484 3 0 0 0
51486 1 0 0 0
51814 3 0 0 0
52019 3 0 0 0
52189 3 0 0 0
52514 3 0 0 0
52846 3 0 0 0
52916 3 0 0 0
52980 3 0 0 0
53401 2 0 0 0
53430 3 0 0 0
53516 3 0 0 0
53586 3 0 0 0
53717 3 0 0 0
53798 2 0 0 0
54429 3 0 0 0
54518 3 0 0 0
54837 4 0 0 0
54971 3 0 0 0
55015 3 0 0 0
55288 1 0 0 0
56178 1 0 0 0
56496 3 0 0 0
56687 2 0 0 0
57116 4 0 0 0
57257 3 0 0 0
57288 3 0 0 0
57431 3 0 0 0
57594 3 0 0 0
57794 3 0 0 0
57991 4 0 0 0
58261 2 0 0 0
58262 4 0 0 0
58351 3 0 0 0
58352 3 0 0 0
60018 4 0 0 0
60319 4 0 0 0
60379 2 0 0 0
60492 1 0 0 0
61022 3 0 0 0
62043 2 0 0 0
62052 2 0 0 0
62053 2 0 0 0
62062 2 0 0 0
62083 2 0 0 0
62084 2 0 0 0
62086 2 0 0 0
62094 2 0 0 0
62095 2 0 0 0
62110 2 0 0 0
62118 2 0 0 0
62119 2 0 0 0
62137 2 0 0 0
62157 2 0 0 0
62176 3 0 0 0
62193 2 0 0 0
62194 2 0 0 0
62199 3 0 0 0
62200 2 0 0 0
62201 2 0 0 0
62215 3 0 0 0
62225 2 0 0 0
62226 2 0 0 0
62227 2 0 0 0
62235 2 0 0 0
62242 2 0 0 0
62264 4 0 0 0
62270 3 0 0 0
62271 3 0 0 0
62276 2 0 0 0
62277 2 0 0 0
62282 2 0 0 0
62289 2 0 0 0
62291 2 0 0 0
62300 2 0 0 0
62317 2 0 0 0
62321 2 0 0 0
62331 2 0 0 0
62341 2 0 0 0
62347 1 0 0 0
62348 2 0 0 0
62366 2 0 0 0
62373 2 0 0 0
62374 2 0 0 0
62398 2 0 0 0
62399 2 0 0 0
62406 2 0 0 0
62407 2 0 0 0
62413 2 0 0 0
62430 2 0 0 0
62439 2 0 0 0
62450 2 0 0 0
62455 2 0 0 0
62461 2 0 0 0
62473 2 0 0 0
62480 2 0 0 0
62481 2 0 0 0
62505 2 0 0 0
62509 2 0 0 0
62523 2 0 0 0
62536 3 0 0 0
62542 4 0 0 0
62560 2 0 0 0
62561 2 0 0 0
62570 2 0 0 0
62578 2 0 0 0
62579 2 0 0 0
62580 2 0 0 0
62588 2 0 0 0
62602 4 0 0 0
62612 1 0 0 0
62613 2 0 0 0
62614 2 0 0 0
62619 2 0 0 0
62623 1 0 0 0
62629 4 0 0 0
62648 2 0 0 0
62651 2 0 0 0
62652 2 0 0 0
62657 2 0 0 0
62668 2 0 0 0
62672 2 0 0 0
62687 1 0 0 0
62694 1 0 0 0
62700 3 0 0 0
62728 3 0 0 0
62745 2 0 0 0
62746 2 0 0 0
62763 2 0 0 0
62780 2 0 0 0
62781 2 0 0 0
62790 2 0 0 0
62793 3 0 0 0
62802 2 0 0 0
62808 2 0 0 0
62809 2 0 0 0
62837 2 0 0 0
62838 2 0 0 0
62842 2 0 0 0
62866 2 0 0 0
62870 2 0 0 0
62878 2 0 0 0
62885 2 0 0 0
62891 1 0 0 0
62896 2 0 0 0
62901 2 0 0 0
62902 1 0 0 0
62929 2 0 0 0
62930 3 0 0 0
62931 3 0 0 0
62941 2 0 0 0
62948 3 0 0 0
62961 2 0 0 0
62975 1 0 0 0
62981 2 0 0 0
62996 1 0 0 0
62998 2 0 0 0
63014 4 0 0 0
63019 1 0 0 0
63025 3 0 0 0
63031 2 0 0 0
63048 3 0 0 0
63050 2 0 0 0
63059 2 0 0 0
63064 2 0 0 0
63075 2 0 0 0
63089 2 0 0 0
63097 2 0 0 0
63108 2 0 0 0
63114 2 0 0 0
63119 2 0 0 0
63124 2 0 0 0
63141 2 0 0 0
63146 3 0 0 0
63147 2 0 0 0
63152 4 0 0 0
63161 2 0 0 0
63181 2 0 0 0
63187 2 0 0 0
63193 4 0 0 0
63197 2 0 0 0
63206 2 0 0 0
63224 2 0 0 0
63225 2 0 0 0
63241 2 0 0 0
63246 2 0 0 0
63259 2 0 0 0
63264 2 0 0 0
63274 2 0 0 0
63280 2 0 0 0
63322 2 0 0 0
63330 2 0 0 0
63339 2 0 0 0
63341 2 0 0 0
63361 2 0 0 0
63371 2 0 0 0
63375 2 0 0 0
63393 2 0 0 0
63401 1 0 0 0
63419 4 0 0 0
63422 2 0 0 0
63427 4 0 0 0
63441 2 0 0 0
63452 2 0 0 0
63454 1 0 0 0
63469 2 0 0 0
63498 4 0 0 0
63503 2 0 0 0
63517 2 0 0 0
63521 2 0 0 0
63540 2 0 0 0
63543 2 0 0 0
63560 2 0 0 0
63565 2 0 0 0
63571 2 0 0 0
63583 2 0 0 0
63596 2 0 0 0
63597 2 0 0 0
63625 2 0 0 0
63632 4 0 0 0
63654 2 0 0 0
63655 4 0 0 0
63679 4 0 0 0
63702 2 0 0 0
63716 4 0 0 0
63723 2 0 0 0
63742 2 0 0 0
63753 2 0 0 0
63754 1 0 0 0
63767 4 0 0 0
63768 2 0 0 0
63777 2 0 0 0
63778 2 0 0 0
63795 4 0 0 0
63796 2 0 0 0
63815 2 0 0 0
63820 2 0 0 0
63836 2 0 0 0
63843 2 0 0 0
63848 4 0 0 0
63870 4 0 0 0
63878 2 0 0 0
63892 4 0 0 0
63906 2 0 0 0
63912 2 0 0 0
63913 2 0 0 0
63915 4 0 0 0
63918 4 0 0 0
63927 2 0 0 0
63930 2 0 0 0
63939 2 0 0 0
63956 2 0 0 0
63961 2 0 0 0
63963 4 0 0 0
63975 2 0 0 0
63990 1 0 0 0
63995 2 0 0 0
63998 2 0 0 0
64005 2 0 0 0
64008 2 0 0 0
64019 2 0 0 0
64024 2 0 0 0
64052 1 0 0 0
64057 1 0 0 0
64087 1 0 0 0
64093 2 0 0 0
64097 2 0 0 0
64111 2 0 0 0
64133 2 0 0 0
64139 3 0 0 0
64154 2 0 0 0
64158 2 0 0 0
64159 2 0 0 0
64170 2 0 0 0
64171 3 0 0 0
64181 2 0 0 0
64183 3 0 0 0
64192 2 0 0 0
64213 1 0 0 0
64228 1 0 0 0
64230 2 0 0 0
64244 4 0 0 0
64245 3 0 0 0
64259 2 0 0 0
64266 4 0 0 0
64273 4 0 0 0
64284 2 0 0 0
64288 2 0 0 0
64312 2 0 0 0
64322 2 0 0 0
64341 2 0 0 0
64346 2 0 0 0
64358 2 0 0 0
64362 2 0 0 0
64367 2 0 0 0
64381 4 0 0 0
64394 2 0 0 0
64397 2 0 0 0
64402 2 0 0 0
64411 2 0 0 0
64422 2 0 0 0
64438 1 0 0 0
64439 2 0 0 0
64451 2 0 0 0
64452 2 0 0 0
64458 2 0 0 0
64470 2 0 0 0
64494 2 0 0 0
64498 2 0 0 0
64503 3 0 0 0
64512 2 0 0 0
64532 4 0 0 0
64536 1 0 0 0
64544 2 0 0 0
64546 2 0 0 0
64547 3 0 0 0
64553 2 0 0 0
64562 1 0 0 0
64569 2 0 0 0
64581 2 0 0 0
64582 2 0 0 0
64601 2 0 0 0
64602 2 0 0 0
64616 2 0 0 0
64617 2 0 0 0
64623 2 0 0 0
64648 2 0 0 0
64650 2 0 0 0
64651 2 0 0 0
64662 2 0 0 0
64665 2 0 0 0
64674 2 0 0 0
64675 2 0 0 0
64685 2 0 0 0
64691 2 0 0 0
64708 2 0 0 0
64727 1 0 0 0
64737 2 0 0 0
64746 2 0 0 0
64751 2 0 0 0
64757 1 0 0 0
64763 4 0 0 0
64773 2 0 0 0
64780 4 0 0 0
64789 1 0 0 0
64800 2 0 0 0
64801 2 0 0 0
64810 2 0 0 0
64823 2 0 0 0
64838 2 0 0 0
64847 2 0 0 0
64851 3 0 0 0
64878 2 0 0 0
64885 2 0 0 0
64909 2 0 0 0
64918 2 0 0 0
64925 2 0 0 0
64928 2 0 0 0
64932 2 0 0 0
64957 2 0 0 0
64961 4 0 0 0
64964 2 0 0 0
64965 2 0 0 0
64978 4 0 0 0
64998 2 0 0 0
65001 2 0 0 0
65010 2 0 0 0
65011 2 0 0 0
65012 2 0 0 0
65023 3 0 0 0
65026 2 0 0 0
65031 2 0 0 0
65032 2 0 0 0
65037 2 0 0 0
65049 2 0 0 0
65050 2 0 0 0
65058 2 0 0 0
65068 2 0 0 0
65075 2 0 0 0
65078 2 0 0 0
65088 2 0 0 0
65092 3 0 0 0
65093 2 0 0 0
65098 4 0 0 0
65108 2 0 0 0
65112 1 0 0 0
65118 2 0 0 0
65122 2 0 0 0
65134 2 0 0 0
65139 2 0 0 0
65140 2 0 0 0
65145 2 0 0 0
65150 4 0 0 0
65163 2 0 0 0
65183 2 0 0 0
65184 4 0 0 0
65203 2 0 0 0
65204 2 0 0 0
65226 2 0 0 0
65243 3 0 0 0
65248 1 0 0 0
65271 2 0 0 0
65286 4 0 0 0
65303 2 0 0 0
65308 2 0 0 0
65320 2 0 0 0
65321 2 0 0 0
65328 2 0 0 0
65333 2 0 0 0
65350 1 0 0 0
65356 4 0 0 0
65361 2 0 0 0
65369 2 0 0 0
65376 1 0 0 0
65380 2 0 0 0
65384 2 0 0 0
65388 2 0 0 0
65393 1 0 0 0
65398 2 0 0 0
65403 3 0 0 0
65408 3 0 0 0
65410 2 0 0 0
65411 3 0 0 0
65424 1 0 0 0
65430 2 0 0 0
65436 4 0 0 0
65441 2 0 0 0
65455 2 0 0 0
65464 2 0 0 0
65500 2 0 0 0
65515 2 0 0 0
65516 1 0 0 0
65521 2 0 0 0
65526 2 0 0 0
65534 3 0 0 0
65545 2 0 0 0
65546 2 0 0 0
65551 2 0 0 0
65559 2 0 0 0
65563 2 0 0 0
65567 3 0 0 0
65575 2 0 0 0
65593 2 0 0 0
65600 2 0 0 0
65614 2 0 0 0
65615 2 0 0 0
65629 1 0 0 0
65630 4 0 0 0
65637 2 0 0 0
65658 2 0 0 0
65662 3 0 0 0
65670 2 0 0 0
65680 4 0 0 0
65681 2 0 0 0
65689 2 0 0 0
65701 4 0 0 0
65705 2 0 0 0
65717 2 0 0 0
65718 2 0 0 0
65736 2 0 0 0
65743 2 0 0 0
65759 4 0 0 0
65763 4 0 0 0
65768 2 0 0 0
65777 2 0 0 0
65799 2 0 0 0
65819 2 0 0 0
65820 2 0 0 0
65827 2 0 0 0
65837 2 0 0 0
65873 2 0 0 0
65878 2 0 0 0
65879 4 0 0 0
65889 1 0 0 0
65890 2 0 0 0
65901 4 0 0 0
65902 1 0 0 0
65917 3 0 0 0
65923 2 0 0 0
65937 2 0 0 0
65938 1 0 0 0
65940 2 0 0 0
65946 4 0 0 0
65972 1 0 0 0
65978 2 0 0 0
66004 1 0 0 0
66010 4 0 0 0
66014 2 0 0 0
66020 2 0 0 0
66021 4 0 0 0
66056 2 0 0 0
66057 2 0 0 0
66093 4 0 0 0
66094 2 0 0 0
66103 2 0 0 0
66116 4 0 0 0
66117 2 0 0 0
66121 2 0 0 0
66134 2 0 0 0
66137 4 0 0 0
66142 4 0 0 0
66146 2 0 0 0
66164 1 0 0 0
66169 2 0 0 0
66181 2 0 0 0
66187 2 0 0 0
66190 3 0 0 0
66231 2 0 0 0
66236 2 0 0 0
66246 2 0 0 0
66248 1 0 0 0
66255 2 0 0 0
66260 2 0 0 0
66261 2 0 0 0
66266 2 0 0 0
66274 2 0 0 0
66293 2 0 0 0
66294 2 0 0 0
66296 2 0 0 0
66313 4 0 0 0
66321 2 0 0 0
66342 2 0 0 0
66343 2 0 0 0
66345 2 0 0 0
66357 2 0 0 0
66363 3 0 0 0
66366 4 0 0 0
66393 4 0 0 0
66409 3 0 0 0
66416 2 0 0 0
66425 2 0 0 0
66439 4 0 0 0
66444 2 0 0 0
66447 3 0 0 0
66452 2 0 0 0
66464 1 0 0 0
66473 2 0 0 0
66475 2 0 0 0
66490 2 0 0 0
66511 4 0 0 0
66515 2 0 0 0
66526 2 0 0 0
66528 2 0 0 0
66546 2 0 0 0
66550 2 0 0 0
66556 2 0 0 0
66561 2 0 0 0
66564 2 0 0 0
66573 1 0 0 0
66596 2 0 0 0
66597 2 0 0 0
66598 2 0 0 0
66607 2 0 0 0
66610 2 0 0 0
66628 2 0 0 0
66640 3 0 0 0
66645 2 0 0 0
66667 3 0 0 0
66680 2 0 0 0
66695 2 0 0 0
66701 2 0 0 0
66721 3 0 0 0
66739 4 0 0 0
66744 2 0 0 0
66745 2 0 0 0
66746 3 0 0 0
66762 2 0 0 0
66769 2 0 0 0
66770 2 0 0 0
66782 2 0 0 0
66786 3 0 0 0
66794 2 0 0 0
66810 4 0 0 0
66816 2 0 0 0
66817 3 0 0 0
66831 1 0 0 0
66836 2 0 0 0
66849 4 0 0 0
66876 2 0 0 0
66877 2 0 0 0
66890 2 0 0 0
66894 2 0 0 0
66899 2 0 0 0
66907 2 0 0 0
66909 2 0 0 0
66937 2 0 0 0
66946 2 0 0 0
66953 2 0 0 0
66958 2 0 0 0
66967 1 0 0 0
66974 2 0 0 0
66983 2 0 0 0
67010 3 0 0 0
67014 2 0 0 0
67019 2 0 0 0
67020 4 0 0 0
67026 4 0 0 0
67033 2 0 0 0
67042 2 0 0 0
67043 2 0 0 0
67059 2 0 0 0
67063 2 0 0 0
67078 2 0 0 0
67095 2 0 0 0
67098 2 0 0 0
67113 3 0 0 0
67119 2 0 0 0
67124 3 0 0 0
67147 2 0 0 0
67161 4 0 0 0
67166 2 0 0 0
67179 1 0 0 0
67180 2 0 0 0
67186 2 0 0 0
67192 4 0 0 0
67203 2 0 0 0
67213 2 0 0 0
67215 3 0 0 0
67229 2 0 0 0
67247 2 0 0 0
67251 2 0 0 0
67256 2 0 0 0
67279 4 0 0 0
67284 2 0 0 0
67297 2 0 0 0
67306 2 0 0 0
67307 2 0 0 0
67311 2 0 0 0
67322 2 0 0 0
67338 3 0 0 0
67345 2 0 0 0
67349 2 0 0 0
67352 3 0 0 0
67376 2 0 0 0
67381 4 0 0 0
67382 2 0 0 0
67387 4 0 0 0
67392 1 0 0 0
67401 1 0 0 0
67402 2 0 0 0
67407 4 0 0 0
67408 3 0 0 0
67429 4 0 0 0
67434 2 0 0 0
67446 2 0 0 0
67451 2 0 0 0
67452 2 0 0 0
67466 2 0 0 0
67479 3 0 0 0
67490 2 0 0 0
67493 2 0 0 0
67500 2 0 0 0
67505 2 0 0 0
67526 2 0 0 0
67527 4 0 0 0
67547 1 0 0 0
67560 2 0 0 0
67568 2 0 0 0
67594 2 0 0 0
67600 2 0 0 0
67609 2 0 0 0
67620 2 0 0 0
67638 1 0 0 0
67670 2 0 0 0
67671 2 0 0 0
67684 1 0 0 0
67698 2 0 0 0
67699 2 0 0 0
67719 2 0 0 0
67725 4 0 0 0
67732 2 0 0 0
67741 3 0 0 0
67744 2 0 0 0
67761 2 0 0 0
67765 4 0 0 0
67779 2 0 0 0
67784 2 0 0 0
67791 2 0 0 0
67796 2 0 0 0
67816 2 0 0 0
67820 4 0 0 0
67825 4 0 0 0
67835 1 0 0 0
67838 2 0 0 0
67844 2 0 0 0
67845 2 0 0 0
67857 2 0 0 0
67863 1 0 0 0
67872 3 0 0 0
67875 2 0 0 0
67876 2 0 0 0
67893 2 0 0 0
67908 4 0 0 0
67909 2 0 0 0
67917 2 0 0 0
67918 3 0 0 0
67921 3 0 0 0
67930 2 0 0 0
67931 2 0 0 0
67936 2 0 0 0
67956 2 0 0 0
67964 4 0 0 0
67976 1 0 0 0
67985 2 0 0 0
67995 2 0 0 0
68006 2 0 0 0
68007 2 0 0 0
68012 4 0 0 0
68020 2 0 0 0
68028 2 0 0 0
68036 2 0 0 0
68044 4 0 0 0
68053 4 0 0 0
68055 1 0 0 0
68065 2 0 0 0
68073 3 0 0 0
68083 2 0 0 0
68096 2 0 0 0
68110 2 0 0 0
68121 2 0 0 0
68145 3 0 0 0
68148 4 0 0 0
68151 2 0 0 0
68161 3 0 0 0
68163 2 0 0 0
68181 2 0 0 0
68187 2 0 0 0
68192 3 0 0 0
68202 2 0 0 0
68219 2 0 0 0
68225 1 0 0 0
68232 3 0 0 0
68258 2 0 0 0
68262 2 0 0 0
68268 2 0 0 0
68284 2 0 0 0
68302 2 0 0 0
68307 1 0 0 0
68312 1 0 0 0
68327 2 0 0 0
68333 2 0 0 0
68338 2 0 0 0
68347 2 0 0 0
68350 2 0 0 0
68357 1 0 0 0
68361 1 0 0 0
68366 3 0 0 0
68368 2 0 0 0
68379 1 0 0 0
68402 1 0 0 0
68407 1 0 0 0
68416 2 0 0 0
68424 2 0 0 0
68441 4 0 0 0
68457 2 0 0 0
68462 4 0 0 0
68467 2 0 0 0
68480 2 0 0 0
68485 4 0 0 0
68500 4 0 0 0
68501 3 0 0 0
68523 2 0 0 0
68527 2 0 0 0
68540 2 0 0 0
68555 1 0 0 0
68560 2 0 0 0
68562 2 0 0 0
68573 4 0 0 0
68580 4 0 0 0
68591 2 0 0 0
68592 2 0 0 0
68600 1 0 0 0
68624 4 0 0 0
68634 3 0 0 0
68639 2 0 0 0
68644 2 0 0 0
68662 3 0 0 0
68673 4 0 0 0
68681 2 0 0 0
68696 1 0 0 0
68700 2 0 0 0
68706 2 0 0 0
68715 1 0 0 0
68724 4 0 0 0
68726 2 0 0 0
68734 1 0 0 0
68742 2 0 0 0
68746 4 0 0 0
68755 2 0 0 0
68773 2 0 0 0
68791 2 0 0 0
68800 2 0 0 0
68801 2 0 0 0
68817 2 0 0 0
68823 2 0 0 0
68836 2 0 0 0
68841 2 0 0 0
68842 2 0 0 0
68850 2 0 0 0
68865 2 0 0 0
68872 2 0 0 0
68877 2 0 0 0
68889 4 0 0 0
68895 4 0 0 0
68927 2 0 0 0
68938 2 0 0 0
68945 1 0 0 0
68959 3 0 0 0
68967 1 0 0 0
69002 1 0 0 0
69011 1 0 0 0
69012 2 0 0 0
69038 2 0 0 0
69044 2 0 0 0
69050 2 0 0 0
69055 3 0 0 0
69065 2 0 0 0
69079 2 0 0 0
69092 3 0 0 0
69103 2 0 0 0
69119 2 0 0 0
69120 2 0 0 0
69125 1 0 0 0
69139 2 0 0 0
69143 4 0 0 0
69160 4 0 0 0
69174 2 0 0 0
69175 2 0 0 0
69189 2 0 0 0
69193 3 0 0 0
69197 2 0 0 0
69207 2 0 0 0
69244 4 0 0 0
69247 2 0 0 0
69253 2 0 0 0
69256 2 0 0 0
69260 2 0 0 0
69266 1 0 0 0
69275 2 0 0 0
69288 2 0 0 0
69296 2 0 0 0
69331 2 0 0 0
69340 2 0 0 0
69355 2 0 0 0
69372 2 0 0 0
69377 2 0 0 0
69398 2 0 0 0
69403 2 0 0 0
69407 2 0 0 0
69420 2 0 0 0
69421 1 0 0 0
69432 2 0 0 0
69462 2 0 0 0
69463 2 0 0 0
69481 2 0 0 0
69482 2 0 0 0
69507 2 0 0 0
69522 2 0 0 0
69526 2 0 0 0
69553 1 0 0 0
69556 2 0 0 0
69565 2 0 0 0
69566 4 0 0 0
69581 2 0 0 0
69586 3 0 0 0
69648 3 0 0 0
69656 4 0 0 0
69662 2 0 0 0
69673 2 0 0 0
69687 2 0 0 0
69693 2 0 0 0
69712 4 0 0 0
69722 4 0 0 0
69742 2 0 0 0
69762 4 0 0 0
69771 2 0 0 0
69785 4 0 0 0
69791 2 0 0 0
69813 1 0 0 0
69814 1 0 0 0
69825 4 0 0 0
69829 2 0 0 0
69839 1 0 0 0
69848 4 0 0 0
69849 2 0 0 0
69860 2 0 0 0
69861 2 0 0 0
69877 2 0 0 0
69882 2 0 0 0
69897 2 0 0 0
69898 2 0 0 0
69912 4 0 0 0
69929 2 0 0 0
69930 2 0 0 0
69952 2 0 0 0
69962 2 0 0 0
69967 2 0 0 0
69977 4 0 0 0
69982 2 0 0 0
69987 2 0 0 0
69997 2 0 0 0
70004 2 0 0 0
70013 2 0 0 0
70014 2 0 0 0
70027 2 0 0 0
70034 4 0 0 0
70038 2 0 0 0
70052 2 0 0 0
70069 2 0 0 0
70072 2 0 0 0
70084 2 0 0 0
70096 4 0 0 0
70105 2 0 0 0
70109 2 0 0 0
70115 2 0 0 0
70149 2 0 0 0
70154 2 0 0 0
70160 2 0 0 0
70166 2 0 0 0
70173 2 0 0 0
70176 4 0 0 0
70187 2 0 0 0
70197 4 0 0 0
70210 2 0 0 0
70224 4 0 0 0
70237 4 0 0 0
70238 2 0 0 0
70243 2 0 0 0
70246 2 0 0 0
70251 2 0 0 0
70268 2 0 0 0
70282 4 0 0 0
70288 2 0 0 0
70302 1 0 0 0
70310 4 0 0 0
70315 1 0 0 0
70332 2 0 0 0
70338 2 0 0 0
70352 2 0 0 0
70367 4 0 0 0
70368 2 0 0 0
70393 2 0 0 0
70404 4 0 0 0
70405 2 0 0 0
70411 1 0 0 0
70416 2 0 0 0
70427 4 0 0 0
70431 1 0 0 0
70436 2 0 0 0
70437 2 0 0 0
70467 2 0 0 0
70483 2 0 0 0
70488 2 0 0 0
70506 2 0 0 0
70524 1 0 0 0
70529 2 0 0 0
70530 2 0 0 0
70551 4 0 0 0
70556 2 0 0 0
70572 2 0 0 0
70582 1 0 0 0
70597 1 0 0 0
70602 4 0 0 0
70614 1 0 0 0
70622 4 0 0 0
70650 3 0 0 0
70663 2 0 0 0
70677 1 0 0 0
70682 2 0 0 0
70684 2 0 0 0
70695 4 0 0 0
70703 2 0 0 0
70704 2 0 0 0
70735 4 0 0 0
70754 1 0 0 0
70758 4 0 0 0
70763 1 0 0 0
70788 1 0 0 0
70805 2 0 0 0
70815 3 0 0 0
70816 2 0 0 0
70839 2 0 0 0
70842 2 0 0 0
70859 2 0 0 0
70869 2 0 0 0
70884 2 0 0 0
70889 2 0 0 0
70890 2 0 0 0
70911 2 0 0 0
70916 2 0 0 0
70917 3 0 0 0
70923 4 0 0 0
70926 2 0 0 0
70935 3 0 0 0
70949 2 0 0 0
70952 3 0 0 0
70961 2 0 0 0
70966 2 0 0 0
70999 1 0 0 0
71004 2 0 0 0
71011 3 0 0 0
71015 2 0 0 0
71016 2 0 0 0
71028 1 0 0 0
71031 1 0 0 0
71046 2 0 0 0
71057 1 0 0 0
71062 1 0 0 0
71075 4 0 0 0
71081 3 0 0 0
71096 3 0 0 0
71101 2 0 0 0
71102 2 0 0 0
71107 2 0 0 0
71139 2 0 0 0
71140 2 0 0 0
71150 2 0 0 0
71167 2 0 0 0
71172 3 0 0 0
71195 4 0 0 0
71196 2 0 0 0
71215 2 0 0 0
71220 2 0 0 0
71225 2 0 0 0
71230 1 0 0 0
71236 1 0 0 0
71247 4 0 0 0
71251 3 0 0 0
71255 3 0 0 0
71309 2 0 0 0
71311 2 0 0 0
71312 2 0 0 0
71316 1 0 0 0
71321 1 0 0 0
71322 2 0 0 0
71326 2 0 0 0
71331 2 0 0 0
71332 2 0 0 0
71337 2 0 0 0
71345 2 0 0 0
71352 2 0 0 0
71353 2 0 0 0
71359 2 0 0 0
71381 2 0 0 0
71385 2 0 0 0
71410 2 0 0 0
71418 3 0 0 0
71429 2 0 0 0
71435 2 0 0 0
71440 4 0 0 0
71465 3 0 0 0
71473 2 0 0 0
71477 2 0 0 0
71478 3 0 0 0
71505 2 0 0 0
71509 2 0 0 0
71533 4 0 0 0
71537 2 0 0 0
71543 2 0 0 0
71565 2 0 0 0
71571 1 0 0 0
71586 2 0 0 0
71599 2 0 0 0
71615 4 0 0 0
71630 2 0 0 0
71636 2 0 0 0
71656 3 0 0 0
71661 4 0 0 0
71677 2 0 0 0
71681 2 0 0 0
71705 2 0 0 0
71706 2 0 0 0
71716 1 0 0 0
71721 2 0 0 0
71722 1 0 0 0
71733 1 0 0 0
71739 2 0 0 0
71740 2 0 0 0
71746 4 0 0 0
71751 4 0 0 0
71755 2 0 0 0
71761 4 0 0 0
71786 2 0 0 0
71790 2 0 0 0
71794 2 0 0 0
71796 2 0 0 0
71801 2 0 0 0
71823 1 0 0 0
71831 4 0 0 0
71833 2 0 0 0
71834 2 0 0 0
71839 2 0 0 0
71852 2 0 0 0
71857 2 0 0 0
71863 2 0 0 0
71870 2 0 0 0
71878 2 0 0 0
71879 2 0 0 0
71887 2 0 0 0
71897 1 0 0 0
71898 2 0 0 0
71899 2 0 0 0
71921 2 0 0 0
71926 3 0 0 0
71928 2 0 0 0
71932 4 0 0 0
71943 3 0 0 0
71972 2 0 0 0
71973 2 0 0 0
71992 1 0 0 0
71994 2 0 0 0
72002 2 0 0 0
72004 2 0 0 0
72013 2 0 0 0
72014 2 0 0 0
72020 2 0 0 0
72026 1 0 0 0
72032 4 0 0 0
72037 1 0 0 0
72046 2 0 0 0
72047 2 0 0 0
72055 2 0 0 0
72058 2 0 0 0
72059 2 0 0 0
72065 2 0 0 0
72117 4 0 0 0
72125 2 0 0 0
72126 2 0 0 0
72135 2 0 0 0
72143 4 0 0 0
72144 1 0 0 0
72151 3 0 0 0
72152 2 0 0 0
72163 2 0 0 0
72168 2 0 0 0
72186 2 0 0 0
72189 2 0 0 0
72211 4 0 0 0
72212 2 0 0 0
72239 4 0 0 0
72241 4 0 0 0
72242 2 0 0 0
72252 1 0 0 0
72262 2 0 0 0
72269 2 0 0 0
72298 1 0 0 0
72302 4 0 0 0
72315 2 0 0 0
72321 2 0 0 0
72322 2 0 0 0
72328 2 0 0 0
72333 1 0 0 0
72338 4 0 0 0
72344 2 0 0 0
72356 2 0 0 0
72364 2 0 0 0
72372 2 0 0 0
72385 2 0 0 0
72401 1 0 0 0
72411 4 0 0 0
72412 2 0 0 0
72417 4 0 0 0
72427 2 0 0 0
72437 2 0 0 0
72439 2 0 0 0
72448 3 0 0 0
72449 2 0 0 0
72456 4 0 0 0
72465 2 0 0 0
72466 4 0 0 0
72474 2 0 0 0
72475 4 0 0 0
72476 2 0 0 0
72481 1 0 0 0
72491 2 0 0 0
72498 2 0 0 0
72504 2 0 0 0
72508 2 0 0 0
72513 3 0 0 0
72519 2 0 0 0
72525 2 0 0 0
72547 2 0 0 0
72558 3 0 0 0
72560 1 0 0 0
72569 2 0 0 0
72580 2 0 0 0
72590 2 0 0 0
72593 4 0 0 0
72598 2 0 0 0
72604 2 0 0 0
72618 2 0 0 0
72623 2 0 0 0
72624 2 0 0 0
72629 2 0 0 0
72630 2 0 0 0
72635 2 0 0 0
72639 3 0 0 0
72643 2 0 0 0
72644 2 0 0 0
72663 2 0 0 0
72670 4 0 0 0
72671 2 0 0 0
72674 2 0 0 0
72684 4 0 0 0
72700 3 0 0 0
72702 2 0 0 0
72703 4 0 0 0
72712 2 0 0 0
72719 2 0 0 0
72739 3 0 0 0
72751 2 0 0 0
72764 2 0 0 0
72766 2 0 0 0
72771 2 0 0 0
72776 2 0 0 0
72781 4 0 0 0
72797 2 0 0 0
72798 2 0 0 0
72812 2 0 0 0
72813 1 0 0 0
72829 2 0 0 0
72835 2 0 0 0
72836 3 0 0 0
72850 2 0 0 0
72856 2 0 0 0
72861 2 0 0 0
72872 2 0 0 0
72883 2 0 0 0
72904 2 0 0 0
72905 4 0 0 0
72910 2 0 0 0
72916 4 0 0 0
72928 2 0 0 0
72938 2 0 0 0
72949 3 0 0 0
72958 3 0 0 0
72969 4 0 0 0
72973 2 0 0 0
72978 2 0 0 0
72979 4 0 0 0
72985 1 0 0 0
72990 2 0 0 0
72994 2 0 0 0
73000 2 0 0 0
73002 2 0 0 0
73007 4 0 0 0
73013 2 0 0 0
73017 2 0 0 0
73028 3 0 0 0
73029 2 0 0 0
73056 2 0 0 0
73057 2 0 0 0
73062 2 0 0 0
73074 2 0 0 0
73082 2 0 0 0
73084 2 0 0 0
73091 2 0 0 0
73100 2 0 0 0
73104 2 0 0 0
73114 3 0 0 0
73116 2 0 0 0
73121 2 0 0 0
73129 2 0 0 0
73135 2 0 0 0
73149 2 0 0 0
73162 3 0 0 0
73174 1 0 0 0
73180 2 0 0 0
73189 2 0 0 0
73195 4 0 0 0
73203 2 0 0 0
73215 2 0 0 0
73216 2 0 0 0
73236 2 0 0 0
73240 2 0 0 0
73250 2 0 0 0
73273 2 0 0 0
73277 2 0 0 0
73288 2 0 0 0
73306 1 0 0 0
73312 2 0 0 0
73314 2 0 0 0
73319 2 0 0 0
73325 2 0 0 0
73332 2 0 0 0
73337 1 0 0 0
73358 2 0 0 0
73359 2 0 0 0
73373 2 0 0 0
73374 2 0 0 0
73381 2 0 0 0
73382 2 0 0 0
73392 2 0 0 0
73410 2 0 0 0
73411 3 0 0 0
73412 3 0 0 0
73423 4 0 0 0
73440 1 0 0 0
73463 2 0 0 0
73471 2 0 0 0
73493 2 0 0 0
73494 2 0 0 0
73507 2 0 0 0
73514 2 0 0 0
73522 4 0 0 0
73528 4 0 0 0
73534 2 0 0 0
73544 2 0 0 0
73557 2 0 0 0
73558 2 0 0 0
73565 1 0 0 0
73571 4 0 0 0
73572 3 0 0 0
73585 2 0 0 0
73586 2 0 0 0
73592 2 0 0 0
73597 2 0 0 0
73601 1 0 0 0
73608 2 0 0 0
73643 2 0 0 0
73644 2 0 0 0
73659 4 0 0 0
73675 1 0 0 0
73680 1 0 0 0
73687 4 0 0 0
73690 4 0 0 0
73707 2 0 0 0
73715 1 0 0 0
73731 3 0 0 0
73739 1 0 0 0
73745 1 0 0 0
73746 4 0 0 0
73752 2 0 0 0
73766 2 0 0 0
73772 2 0 0 0
73779 2 0 0 0
73800 3 0 0 0
73806 1 0 0 0
73811 2 0 0 0
73816 4 0 0 0
73836 4 0 0 0
73839 2 0 0 0
73849 2 0 0 0
73855 2 0 0 0
73856 2 0 0 0
73871 2 0 0 0
73877 2 0 0 0
73882 2 0 0 0
73892 2 0 0 0
73893 2 0 0 0
73904 2 0 0 0
73909 1 0 0 0
73915 1 0 0 0
73921 2 0 0 0
73928 2 0 0 0
73935 4 0 0 0
73936 2 0 0 0
73940 4 0 0 0
73942 2 0 0 0
73947 2 0 0 0
73970 2 0 0 0
73981 2 0 0 0
73982 2 0 0 0
73996 4 0 0 0
74003 2 0 0 0
74014 2 0 0 0
74021 2 0 0 0
74042 2 0 0 0
74043 2 0 0 0
74062 4 0 0 0
74066 3 0 0 0
74072 2 0 0 0
74094 4 0 0 0
74102 3 0 0 0
74113 2 0 0 0
74118 2 0 0 0
74145 4 0 0 0
74149 2 0 0 0
74154 2 0 0 0
74155 2 0 0 0
74160 2 0 0 0
74213 2 0 0 0
74253 2 0 0 0
74259 2 0 0 0
74260 3 0 0 0
74264 2 0 0 0
74291 2 0 0 0
74298 4 0 0 0
74304 2 0 0 0
74316 1 0 0 0
74346 2 0 0 0
74361 2 0 0 0
74362 2 0 0 0
74363 3 0 0 0
74384 1 0 0 0
74391 4 0 0 0
74402 1 0 0 0
74412 2 0 0 0
74425 1 0 0 0
74429 2 0 0 0
74455 2 0 0 0
74460 2 0 0 0
74467 2 0 0 0
74475 2 0 0 0
74510 2 0 0 0
74518 3 0 0 0
74529 3 0 0 0
74530 2 0 0 0
74537 2 0 0 0
74550 2 0 0 0
74551 2 0 0 0
74552 2 0 0 0
74569 4 0 0 0
74586 2 0 0 0
74591 1 0 0 0
74604 3 0 0 0
74609 2 0 0 0
74614 2 0 0 0
74615 2 0 0 0
74623 2 0 0 0
74629 2 0 0 0
74635 2 0 0 0
74646 2 0 0 0
74651 2 0 0 0
74660 4 0 0 0
74661 2 0 0 0
74668 1 0 0 0
74685 2 0 0 0
74686 2 0 0 0
74698 2 0 0 0
74716 1 0 0 0
74719 1 0 0 0
74732 2 0 0 0
74738 2 0 0 0
74749 2 0 0 0
74778 2 0 0 0
74783 2 0 0 0
74786 3 0 0 0
74809 2 0 0 0
74814 1 0 0 0
74819 2 0 0 0
74832 4 0 0 0
74844 4 0 0 0
74849 4 0 0 0
74867 3 0 0 0
74874 1 0 0 0
74889 4 0 0 0
74890 2 0 0 0
74895 2 0 0 0
74896 2 0 0 0
74939 2 0 0 0
74944 2 0 0 0
74966 2 0 0 0
74967 2 0 0 0
74968 2 0 0 0
74978 2 0 0 0
74984 2 0 0 0
74985 2 0 0 0
74994 2 0 0 0
75000 4 0 0 0
75008 2 0 0 0
75009 2 0 0 0
75016 3 0 0 0
75021 2 0 0 0
75022 3 0 0 0
75026 2 0 0 0
75034 2 0 0 0
75049 2 0 0 0
75055 2 0 0 0
75057 2 0 0 0
75067 4 0 0 0
75072 1 0 0 0
75077 2 0 0 0
75093 2 0 0 0
75094 2 0 0 0
75098 3 0 0 0
75106 4 0 0 0
75116 2 0 0 0
75145 4 0 0 0
75151 4 0 0 0
75155 2 0 0 0
75169 2 0 0 0
75173 4 0 0 0
75178 4 0 0 0
75185 3 0 0 0
75194 4 0 0 0
75222 2 0 0 0
75228 4 0 0 0
75239 4 0 0 0
75265 2 0 0 0
75266 2 0 0 0
75267 2 0 0 0
75277 2 0 0 0
75279 2 0 0 0
75280 3 0 0 0
75299 2 0 0 0
75305 2 0 0 0
75323 2 0 0 0
75324 2 0 0 0
75326 4 0 0 0
75350 2 0 0 0
75355 2 0 0 0
75371 2 0 0 0
75372 2 0 0 0
75390 2 0 0 0
75392 2 0 0 0
75400 2 0 0 0
75401 2 0 0 0
75403 2 0 0 0
75413 2 0 0 0
75417 1 0 0 0
75422 2 0 0 0
75424 2 0 0 0
75440 2 0 0 0
75442 2 0 0 0
75447 2 0 0 0
75448 2 0 0 0
75452 2 0 0 0
75461 2 0 0 0
75468 2 0 0 0
75469 3 0 0 0
75483 2 0 0 0
75497 2 0 0 0
75499 4 0 0 0
75510 4 0 0 0
75516 1 0 0 0
75527 2 0 0 0
75531 2 0 0 0
75542 2 0 0 0
75543 2 0 0 0
75551 2 0 0 0
75564 2 0 0 0
75568 2 0 0 0
75604 4 0 0 0
75616 1 0 0 0
75626 2 0 0 0
75640 4 0 0 0
75653 2 0 0 0
75668 2 0 0 0
75681 2 0 0 0
75687 2 0 0 0
75699 1 0 0 0
75707 2 0 0 0
75708 2 0 0 0
75714 3 0 0 0
75731 1 0 0 0
75740 2 0 0 0
75780 1 0 0 0
75781 4 0 0 0
75800 2 0 0 0
75807 2 0 0 0
75816 1 0 0 0
75831 2 0 0 0
75835 2 0 0 0
75839 2 0 0 0
75854 3 0 0 0
75855 3 0 0 0
75878 4 0 0 0
75889 2 0 0 0
75894 2 0 0 0
75902 2 0 0 0
75907 2 0 0 0
75913 2 0 0 0
75918 2 0 0 0
75929 1 0 0 0
75934 2 0 0 0
75937 2 0 0 0
75949 4 0 0 0
75964 2 0 0 0
75973 2 0 0 0
75974 1 0 0 0
75988 4 0 0 0
76024 1 0 0 0
76030 1 0 0 0
76034 2 0 0 0
76042 4 0 0 0
76047 2 0 0 0
76055 2 0 0 0
76076 3 0 0 0
76080 2 0 0 0
76112 1 0 0 0
76117 2 0 0 0
76124 2 0 0 0
76125 2 0 0 0
76133 2 0 0 0
76149 1 0 0 0
76157 1 0 0 0
76161 1 0 0 0
76173 3 0 0 0
76174 2 0 0 0
76185 2 0 0 0
76206 2 0 0 0
76215 2 0 0 0
76226 2 0 0 0
76231 1 0 0 0
76250 2 0 0 0
76256 2 0 0 0
76280 2 0 0 0
76297 2 0 0 0
76323 2 0 0 0
76336 2 0 0 0
76339 1 0 0 0
76345 2 0 0 0
76359 1 0 0 0
76360 2 0 0 0
76365 2 0 0 0
76371 2 0 0 0
76381 2 0 0 0
76386 2 0 0 0
76392 2 0 0 0
76399 3 0 0 0
76414 2 0 0 0
76415 2 0 0 0
76428 2 0 0 0
76432 2 0 0 0
76437 2 0 0 0
76452 1 0 0 0
76453 3 0 0 0
76454 3 0 0 0
76465 1 0 0 0
76479 2 0 0 0
76482 2 0 0 0
76505 2 0 0 0
76509 2 0 0 0
76514 2 0 0 0
76526 2 0 0 0
76531 2 0 0 0
76532 2 0 0 0
76549 2 0 0 0
76553 2 0 0 0
76576 1 0 0 0
76584 2 0 0 0
76594 3 0 0 0
76611 2 0 0 0
76638 2 0 0 0
76651 2 0 0 0
76655 3 0 0 0
76678 4 0 0 0
76688 2 0 0 0
76694 2 0 0 0
76714 2 0 0 0
76719 2 0 0 0
76728 2 0 0 0
76735 1 0 0 0
76740 2 0 0 0
76744 3 0 0 0
76766 1 0 0 0
76767 4 0 0 0
76789 2 0 0 0
76793 2 0 0 0
76802 2 0 0 0
76803 2 0 0 0
76804 3 0 0 0
76810 2 0 0 0
76815 2 0 0 0
76816 2 0 0 0
76826 2 0 0 0
76847 2 0 0 0
76853 4 0 0 0
76876 2 0 0 0
76877 2 0 0 0
76888 4 0 0 0
76895 1 0 0 0
76925 2 0 0 0
76926 2 0 0 0
76932 2 0 0 0
76945 1 0 0 0
76951 2 0 0 0
76960 2 0 0 0
76966 2 0 0 0
76979 2 0 0 0
76989 2 0 0 0
76999 2 0 0 0
77003 2 0 0 0
77008 2 0 0 0
77038 2 0 0 0
77063 2 0 0 0
77086 4 0 0 0
77108 2 0 0 0
77117 1 0 0 0
77129 2 0 0 0
77148 2 0 0 0
77157 2 0 0 0
77167 2 0 0 0
77169 4 0 0 0
77178 4 0 0 0
77196 2 0 0 0
77212 4 0 0 0
77220 4 0 0 0
77232 2 0 0 0
77253 1 0 0 0
77254 2 0 0 0
77268 2 0 0 0
77274 1 0 0 0
77285 2 0 0 0
77286 2 0 0 0
77301 1 0 0 0
77310 2 0 0 0
77311 2 0 0 0
77324 2 0 0 0
77325 2 0 0 0
77338 2 0 0 0
77345 3 0 0 0
77351 2 0 0 0
77363 2 0 0 0
77372 1 0 0 0
77377 2 0 0 0
77383 2 0 0 0
77437 1 0 0 0
77438 2 0 0 0
77454 2 0 0 0
77464 2 0 0 0
77486 3 0 0 0
77491 2 0 0 0
77495 3 0 0 0
77496 3 0 0 0
77501 1 0 0 0
77514 2 0 0 0
77521 2 0 0 0
77542 2 0 0 0
77545 4 0 0 0
77558 2 0 0 0
77563 2 0 0 0
77574 4 0 0 0
77598 4 0 0 0
77599 1 0 0 0
77623 2 0 0 0
77624 2 0 0 0
77633 3 0 0 0
77634 2 0 0 0
77654 2 0 0 0
77658 2 0 0 0
77667 1 0 0 0
77668 2 0 0 0
77673 2 0 0 0
77693 2 0 0 0
77710 3 0 0 0
77733 3 0 0 0
77747 2 0 0 0
77771 4 0 0 0
77783 2 0 0 0
77807 2 0 0 0
77808 2 0 0 0
77812 3 0 0 0
77821 2 0 0 0
77822 2 0 0 0
77829 4 0 0 0
77833 3 0 0 0
77837 2 0 0 0
77838 1 0 0 0
77857 2 0 0 0
77864 4 0 0 0
77882 2 0 0 0
77883 2 0 0 0
77894 2 0 0 0
77899 2 0 0 0
77900 2 0 0 0
77908 2 0 0 0
77909 2 0 0 0
77911 2 0 0 0
77923 4 0 0 0
77962 2 0 0 0
77967 4 0 0 0
77972 1 0 0 0
77988 2 0 0 0
77992 2 0 0 0
78009 1 0 0 0
78032 2 0 0 0
78041 2 0 0 0
78047 3 0 0 0
78062 4 0 0 0
78069 2 0 0 0
78096 3 0 0 0
78102 2 0 0 0
78107 2 0 0 0
78118 1 0 0 0
78133 2 0 0 0
78145 2 0 0 0
78163 2 0 0 0
78167 1 0 0 0
78168 2 0 0 0
78189 2 0 0 0
78190 2 0 0 0
78204 2 0 0 0
78209 2 0 0 0
78226 4 0 0 0
78227 3 0 0 0
78237 2 0 0 0
78246 2 0 0 0
78249 2 0 0 0
78253 2 0 0 0
78258 2 0 0 0
78266 2 0 0 0
78287 2 0 0 0
78288 3 0 0 0
78299 2 0 0 0
78304 2 0 0 0
78324 2 0 0 0
78325 3 0 0 0
78349 4 0 0 0
78361 3 0 0 0
78362 2 0 0 0
78367 2 0 0 0
78384 2 0 0 0
78398 1 0 0 0
78406 2 0 0 0
78407 2 0 0 0
78421 2 0 0 0
78425 2 0 0 0
78453 2 0 0 0
78454 1 0 0 0
78463 2 0 0 0
78473 2 0 0 0
78474 2 0 0 0
78484 2 0 0 0
78489 4 0 0 0
78500 1 0 0 0
78501 2 0 0 0
78506 2 0 0 0
78521 3 0 0 0
78527 3 0 0 0
78539 2 0 0 0
78563 1 0 0 0
78567 2 0 0 0
78570 2 0 0 0
78571 2 0 0 0
78589 2 0 0 0
78594 2 0 0 0
78598 2 0 0 0
78628 2 0 0 0
78642 1 0 0 0
78647 4 0 0 0
78658 2 0 0 0
78659 2 0 0 0
78678 2 0 0 0
78680 2 0 0 0
78728 3 0 0 0
78737 1 0 0 0
78743 3 0 0 0
78760 2 0 0 0
78764 2 0 0 0
78765 2 0 0 0
78794 2 0 0 0
78806 2 0 0 0
78824 2 0 0 0
78825 2 0 0 0
78832 4 0 0 0
78847 1 0 0 0
78864 2 0 0 0
78869 2 0 0 0
78872 2 0 0 0
78876 4 0 0 0
78903 2 0 0 0
78909 2 0 0 0
78910 2 0 0 0
78924 2 0 0 0
78925 4 0 0 0
78938 2 0 0 0
78949 2 0 0 0
78950 4 0 0 0
78964 2 0 0 0
78972 2 0 0 0
78983 2 0 0 0
78984 4 0 0 0
78990 3 0 0 0
78995 2 0 0 0
79001 2 0 0 0
79007 2 0 0 0
79013 4 0 0 0
79028 1 0 0 0
79033 2 0 0 0
79038 2 0 0 0
79077 2 0 0 0
79083 1 0 0 0
79097 3 0 0 0
79112 2 0 0 0
79126 1 0 0 0
79128 2 0 0 0
79145 1 0 0 0
79161 1 0 0 0
79166 2 0 0 0
79192 2 0 0 0
79205 4 0 0 0
79212 3 0 0 0
79235 2 0 0 0
79243 2 0 0 0
79248 2 0 0 0
79258 2 0 0 0
79262 2 0 0 0
79272 3 0 0 0
79294 4 0 0 0
79310 2 0 0 0
79323 2 0 0 0
79326 2 0 0 0
79357 2 0 0 0
79361 1 0 0 0
79366 2 0 0 0
79377 1 0 0 0
79384 4 0 0 0
79390 1 0 0 0
79400 1 0 0 0
79418 1 0 0 0
79423 2 0 0 0
79428 2 0 0 0
79450 2 0 0 0
79451 2 0 0 0
79457 2 0 0 0
79461 3 0 0 0
79472 2 0 0 0
79480 4 0 0 0
79516 2 0 0 0
79517 2 0 0 0
79522 2 0 0 0
79527 2 0 0 0
79528 4 0 0 0
79543 2 0 0 0
79557 4 0 0 0
79565 2 0 0 0
79566 2 0 0 0
79584 2 0 0 0
79590 2 0 0 0
79591 2 0 0 0
79596 2 0 0 0
79601 3 0 0 0
79627 2 0 0 0
79643 2 0 0 0
79644 4 0 0 0
79665 2 0 0 0
79682 2 0 0 0
79693 2 0 0 0
79701 2 0 0 0
79702 2 0 0 0
79704 3 0 0 0
79710 1 0 0 0
79718 2 0 0 0
79719 2 0 0 0
79723 2 0 0 0
79743 2 0 0 0
79749 2 0 0 0
79767 1 0 0 0
79773 2 0 0 0
79778 3 0 0 0
79786 2 0 0 0
79795 2 0 0 0
79799 2 0 0 0
79828 1 0 0 0
79830 2 0 0 0
79831 2 0 0 0
79836 2 0 0 0
79853 2 0 0 0
79854 2 0 0 0
79861 2 0 0 0
79865 4 0 0 0
79870 2 0 0 0
79875 2 0 0 0
79877 2 0 0 0
79889 2 0 0 0
79902 2 0 0 0
79903 2 0 0 0
79928 4 0 0 0
79932 1 0 0 0
79944 1 0 0 0
79949 1 0 0 0
79956 2 0 0 0
79966 4 0 0 0
79988 2 0 0 0
79997 2 0 0 0
80004 2 0 0 0
80009 2 0 0 0
80010 2 0 0 0
80014 2 0 0 0
80015 2 0 0 0
80031 2 0 0 0
80037 2 0 0 0
80042 3 0 0 0
80073 2 0 0 0
80080 1 0 0 0
80086 2 0 0 0
80104 2 0 0 0
80105 2 0 0 0
80113 2 0 0 0
80118 3 0 0 0
80128 2 0 0 0
80143 4 0 0 0
80156 1 0 0 0
80168 1 0 0 0
80169 2 0 0 0
80179 2 0 0 0
80209 3 0 0 0
80210 3 0 0 0
80222 4 0 0 0
80232 2 0 0 0
80234 1 0 0 0
80242 2 0 0 0
80245 2 0 0 0
80255 2 0 0 0
80264 2 0 0 0
80272 4 0 0 0
80282 2 0 0 0
80296 2 0 0 0
80313 1 0 0 0
80319 2 0 0 0
80320 2 0 0 0
80339 2 0 0 0
80340 2 0 0 0
80362 3 0 0 0
80367 3 0 0 0
80372 2 0 0 0
80388 1 0 0 0
80389 2 0 0 0
80405 1 0 0 0
80408 2 0 0 0
80409 2 0 0 0
80422 2 0 0 0
80426 4 0 0 0
80439 2 0 0 0
80449 2 0 0 0
80460 1 0 0 0
80461 2 0 0 0
80476 2 0 0 0
80482 2 0 0 0
80510 2 0 0 0
80519 2 0 0 0
80525 4 0 0 0
80533 1 0 0 0
80555 2 0 0 0
80556 2 0 0 0
80561 2 0 0 0
80570 2 0 0 0
80581 2 0 0 0
80585 2 0 0 0
80591 2 0 0 0
80596 4 0 0 0
80601 4 0 0 0
80606 2 0 0 0
80611 2 0 0 0
80627 2 0 0 0
80644 2 0 0 0
80650 2 0 0 0
80656 2 0 0 0
80696 4 0 0 0
80707 2 0 0 0
80716 1 0 0 0
80725 2 0 0 0
80739 2 0 0 0
80751 2 0 0 0
80764 2 0 0 0
80765 2 0 0 0
80770 2 0 0 0
80784 3 0 0 0
80785 4 0 0 0
80805 2 0 0 0
80814 2 0 0 0
80823 2 0 0 0
80838 2 0 0 0
80839 2 0 0 0
80861 2 0 0 0
80867 2 0 0 0
80877 4 0 0 0
80889 2 0 0 0
80901 2 0 0 0
80920 4 0 0 0
80925 3 0 0 0
80930 4 0 0 0
80947 2 0 0 0
80952 2 0 0 0
80962 3 0 0 0
80968 2 0 0 0
80990 2 0 0 0
80995 2 0 0 0
81001 4 0 0 0
81013 2 0 0 0
81033 2 0 0 0
81040 1 0 0 0
81047 3 0 0 0
81052 4 0 0 0
81062 2 0 0 0
81085 2 0 0 0
81086 4 0 0 0
81091 1 0 0 0
81099 2 0 0 0
81100 2 0 0 0
81106 2 0 0 0
81111 4 0 0 0
81128 2 0 0 0
81129 2 0 0 0
81149 4 0 0 0
81158 2 0 0 0
81173 2 0 0 0
81179 4 0 0 0
81217 2 0 0 0
81222 2 0 0 0
81233 2 0 0 0
81238 2 0 0 0
81253 2 0 0 0
81281 2 0 0 0
81296 2 0 0 0
81313 2 0 0 0
81318 2 0 0 0
81341 2 0 0 0
81345 2 0 0 0
81347 4 0 0 0
81374 2 0 0 0
81378 4 0 0 0
81392 1 0 0 0
81412 4 0 0 0
81423 4 0 0 0
81429 2 0 0 0
81434 2 0 0 0
81462 1 0 0 0
81463 4 0 0 0
81472 1 0 0 0
81491 2 0 0 0
81492 2 0 0 0
81497 2 0 0 0
81498 2 0 0 0
81515 3 0 0 0
81526 4 0 0 0
81540 2 0 0 0
81545 2 0 0 0
81551 2 0 0 0
81553 4 0 0 0
81565 2 0 0 0
81566 3 0 0 0
81579 2 0 0 0
81601 1 0 0 0
81613 2 0 0 0
81621 2 0 0 0
81635 3 0 0 0
81639 4 0 0 0
81643 1 0 0 0
81654 2 0 0 0
81662 2 0 0 0
81670 2 0 0 0
81671 2 0 0 0
81693 2 0 0 0
81699 2 0 0 0
81705 2 0 0 0
81706 2 0 0 0
81732 2 0 0 0
81743 2 0 0 0
81757 1 0 0 0
81759 2 0 0 0
81775 2 0 0 0
81785 2 0 0 0
81786 2 0 0 0
81807 2 0 0 0
81820 2 0 0 0
81828 2 0 0 0
81837 2 0 0 0
81839 2 0 0 0
81843 2 0 0 0
81849 2 0 0 0
81877 2 0 0 0
81891 2 0 0 0
81903 2 0 0 0
81908 2 0 0 0
81932 2 0 0 0
81939 2 0 0 0
81940 2 0 0 0
81942 2 0 0 0
81952 4 0 0 0
81975 2 0 0 0
81983 2 0 0 0
81989 3 0 0 0
81990 2 0 0 0
81993 2 0 0 0
81999 4 0 0 0
82004 2 0 0 0
82012 2 0 0 0
82017 2 0 0 0
82023 2 0 0 0
82026 2 0 0 0
82037 2 0 0 0
82052 2 0 0 0
82061 1 0 0 0
82062 2 0 0 0
82066 2 0 0 0
82083 1 0 0 0
82096 2 0 0 0
82119 2 0 0 0
82120 2 0 0 0
82125 1 0 0 0
82130 1 0 0 0
82140 1 0 0 0
82146 2 0 0 0
82153 4 0 0 0
82163 1 0 0 0
82175 4 0 0 0
82181 2 0 0 0
82196 2 0 0 0
82208 4 0 0 0
82233 3 0 0 0
82249 2 0 0 0
82250 2 0 0 0
82255 2 0 0 0
82293 2 0 0 0
82299 2 0 0 0
82321 1 0 0 0
82331 2 0 0 0
82334 2 0 0 0
82340 2 0 0 0
82370 4 0 0 0
82375 1 0 0 0
82383 2 0 0 0
82384 2 0 0 0
82397 2 0 0 0
82398 3 0 0 0
82413 2 0 0 0
82428 2 0 0 0
82429 2 0 0 0
82430 2 0 0 0
82434 2 0 0 0
82435 2 0 0 0
82440 2 0 0 0
82441 3 0 0 0
82464 2 0 0 0
82470 2 0 0 0
82480 3 0 0 0
82495 2 0 0 0
82508 1 0 0 0
82523 2 0 0 0
82528 4 0 0 0
82534 3 0 0 0
82556 2 0 0 0
82562 4 0 0 0
82567 1 0 0 0
82572 2 0 0 0
82583 2 0 0 0
82588 2 0 0 0
82593 1 0 0 0
82598 2 0 0 0
82627 2 0 0 0
82628 2 0 0 0
82642 2 0 0 0
82647 2 0 0 0
82651 2 0 0 0
82656 2 0 0 0
82665 2 0 0 0
82671 2 0 0 0
82682 3 0 0 0
82688 4 0 0 0
82709 2 0 0 0
82738 2 0 0 0
82743 3 0 0 0
82781 1 0 0 0
82787 2 0 0 0
82788 1 0 0 0
82793 2 0 0 0
82796 2 0 0 0
82804 2 0 0 0
82833 4 0 0 0
82864 2 0 0 0
82868 2 0 0 0
82881 2 0 0 0
82884 2 0 0 0
82900 2 0 0 0
82901 2 0 0 0
82920 1 0 0 0
82940 3 0 0 0
82946 2 0 0 0
82954 2 0 0 0
82956 2 0 0 0
82966 2 0 0 0
82989 1 0 0 0
83009 3 0 0 0
83015 2 0 0 0
83036 2 0 0 0
83037 2 0 0 0
83060 1 0 0 0
83062 2 0 0 0
83069 2 0 0 0
83077 2 0 0 0
83088 2 0 0 0
83107 3 0 0 0
83135 1 0 0 0
83141 3 0 0 0
83147 2 0 0 0
83156 4 0 0 0
83165 2 0 0 0
83167 2 0 0 0
83171 4 0 0 0
83181 2 0 0 0
83182 2 0 0 0
83183 2 0 0 0
83184 2 0 0 0
83198 3 0 0 0
83210 4 0 0 0
83217 2 0 0 0
83234 4 0 0 0
83252 2 0 0 0
83253 2 0 0 0
83258 2 0 0 0
83293 2 0 0 0
83294 3 0 0 0
83302 2 0 0 0
83303 2 0 0 0
83322 2 0 0 0
83333 2 0 0 0
83340 1 0 0 0
83341 2 0 0 0
83350 2 0 0 0
83351 3 0 0 0
83363 3 0 0 0
83375 2 0 0 0
83385 2 0 0 0
83401 2 0 0 0
83414 4 0 0 0
83419 2 0 0 0
83428 2 0 0 0
83454 2 0 0 0
83469 3 0 0 0
83470 2 0 0 0
83480 2 0 0 0
83519 1 0 0 0
83541 2 0 0 0
83542 2 0 0 0
83551 2 0 0 0
83556 2 0 0 0
83567 2 0 0 0
83577 2 0 0 0
83590 2 0 0 0
83596 4 0 0 0
83597 2 0 0 0
83601 1 0 0 0
83644 4 0 0 0
83653 2 0 0 0
83654 2 0 0 0
83662 1 0 0 0
83664 2 0 0 0
83681 4 0 0 0
83686 4 0 0 0
83690 2 0 0 0
83699 3 0 0 0
83712 2 0 0 0
83714 3 0 0 0
83721 2 0 0 0
83725 2 0 0 0
83744 4 0 0 0
83745 1 0 0 0
83758 4 0 0 0
83768 2 0 0 0
83774 4 0 0 0
83779 2 0 0 0
83787 2 0 0 0
83794 1 0 0 0
83811 2 0 0 0
83849 1 0 0 0
83855 1 0 0 0
83856 3 0 0 0
83864 2 0 0 0
83880 2 0 0 0
83898 2 0 0 0
83899 2 0 0 0
83905 2 0 0 0
83922 2 0 0 0
83923 2 0 0 0
83944 2 0 0 0
83950 2 0 0 0
83964 2 0 0 0
83965 2 0 0 0
83985 2 0 0 0
83987 2 0 0 0
84008 2 0 0 0
84009 2 0 0 0
84032 1 0 0 0
84033 2 0 0 0
84034 2 0 0 0
84050 2 0 0 0
84070 2 0 0 0
84071 2 0 0 0
84087 1 0 0 0
84104 1 0 0 0
84110 2 0 0 0
84135 1 0 0 0
84140 4 0 0 0
84155 2 0 0 0
84156 2 0 0 0
84166 2 0 0 0
84167 2 0 0 0
84215 3 0 0 0
84219 2 0 0 0
84227 2 0 0 0
84228 2 0 0 0
84239 1 0 0 0
84271 2 0 0 0
84278 4 0 0 0
84301 2 0 0 0
84312 4 0 0 0
84313 1 0 0 0
84345 1 0 0 0
84347 2 0 0 0
84359 2 0 0 0
84360 3 0 0 0
84364 3 0 0 0
84370 2 0 0 0
84375 3 0 0 0
84410 4 0 0 0
84415 4 0 0 0
84429 2 0 0 0
84435 1 0 0 0
84439 2 0 0 0
84440 2 0 0 0
84453 2 0 0 0
84474 1 0 0 0
84484 1 0 0 0
84489 2 0 0 0
84495 2 0 0 0
84507 2 0 0 0
84521 2 0 0 0
84524 2 0 0 0
84533 1 0 0 0
84551 2 0 0 0
84558 2 0 0 0
84571 3 0 0 0
84577 2 0 0 0
84578 3 0 0 0
84582 2 0 0 0
84601 3 0 0 0
84611 2 0 0 0
84612 2 0 0 0
84644 2 0 0 0
84662 2 0 0 0
84671 2 0 0 0
84679 2 0 0 0
84680 2 0 0 0
84686 2 0 0 0
84700 4 0 0 0
84704 4 0 0 0
84708 2 0 0 0
84709 2 0 0 0
84728 3 0 0 0
84749 3 0 0 0
84760 4 0 0 0
84778 2 0 0 0
84779 2 0 0 0
84830 4 0 0 0
84847 2 0 0 0
84848 2 0 0 0
84861 2 0 0 0
84862 2 0 0 0
84889 2 0 0 0
84893 2 0 0 0
84912 2 0 0 0
84915 2 0 0 0
84932 3 0 0 0
84937 2 0 0 0
84949 2 0 0 0
84950 3 0 0 0
84971 2 0 0 0
84984 4 0 0 0
85000 2 0 0 0
85012 3 0 0 0
85022 2 0 0 0
85024 2 0 0 0
85028 3 0 0 0
85038 4 0 0 0
85073 2 0 0 0
85077 4 0 0 0
85082 2 0 0 0
85083 2 0 0 0
85098 2 0 0 0
85099 2 0 0 0
85106 4 0 0 0
85114 2 0 0 0
85120 1 0 0 0
85127 2 0 0 0
85132 2 0 0 0
85142 2 0 0 0
85160 4 0 0 0
85178 2 0 0 0
85183 3 0 0 0
85190 2 0 0 0
85199 1 0 0 0
85205 2 0 0 0
85242 2 0 0 0
85251 2 0 0 0
85255 2 0 0 0
85277 1 0 0 0
85287 1 0 0 0
85299 4 0 0 0
85314 2 0 0 0
85330 2 0 0 0
85331 3 0 0 0
85332 3 0 0 0
85347 1 0 0 0
85368 1 0 0 0
85380 2 0 0 0
85381 2 0 0 0
85391 2 0 0 0
85405 2 0 0 0
85412 2 0 0 0
85423 1 0 0 0
85436 2 0 0 0
85451 3 0 0 0
85456 2 0 0 0
85485 4 0 0 0
85502 2 0 0 0
85504 4 0 0 0
85510 2 0 0 0
85553 2 0 0 0
85555 2 0 0 0
85556 2 0 0 0
85563 2 0 0 0
85579 1 0 0 0
85584 2 0 0 0
85591 2 0 0 0
85604 1 0 0 0
85634 2 0 0 0
85658 2 0 0 0
85666 2 0 0 0
85678 2 0 0 0
85697 2 0 0 0
85702 2 0 0 0
85707 2 0 0 0
85711 2 0 0 0
85712 4 0 0 0
85723 2 0 0 0
85734 2 0 0 0
85745 3 0 0 0
85749 2 0 0 0
85768 1 0 0 0
85777 3 0 0 0
85784 1 0 0 0
85785 2 0 0 0
85790 2 0 0 0
85795 2 0 0 0
85799 2 0 0 0
85805 1 0 0 0
85813 2 0 0 0
85814 3 0 0 0
85822 2 0 0 0
85823 2 0 0 0
85831 4 0 0 0
85874 1 0 0 0
85875 4 0 0 0
85900 3 0 0 0
85923 2 0 0 0
85924 2 0 0 0
85932 2 0 0 0
85950 4 0 0 0
85967 2 0 0 0
85972 2 0 0 0
85975 3 0 0 0
85985 1 0 0 0
85989 2 0 0 0
86001 2 0 0 0
86002 3 0 0 0
86007 2 0 0 0
86013 2 0 0 0
86014 1 0 0 0
86015 3 0 0 0
86029 2 0 0 0
86046 2 0 0 0
86047 2 0 0 0
86065 2 0 0 0
86072 2 0 0 0
86075 4 0 0 0
86085 4 0 0 0
86103 2 0 0 0
86118 1 0 0 0
86120 2 0 0 0
86125 3 0 0 0
86134 4 0 0 0
86148 2 0 0 0
86153 2 0 0 0
86167 2 0 0 0
86175 3 0 0 0
86198 4 0 0 0
86203 1 0 0 0
86205 1 0 0 0
86206 4 0 0 0
86218 2 0 0 0
86219 2 0 0 0
86235 2 0 0 0
86266 2 0 0 0
86268 3 0 0 0
86278 2 0 0 0
86292 2 0 0 0
86306 2 0 0 0
86319 4 0 0 0
86344 4 0 0 0
86360 1 0 0 0
86361 2 0 0 0
86362 2 0 0 0
86373 1 0 0 0
86379 1 0 0 0
86389 2 0 0 0
86394 2 0 0 0
86404 4 0 0 0
86405 2 0 0 0
86420 2 0 0 0
86425 2 0 0 0
86427 2 0 0 0
86452 2 0 0 0
86453 2 0 0 0
86458 4 0 0 0
86475 1 0 0 0
86480 1 0 0 0
86486 2 0 0 0
86497 3 0 0 0
86530 2 0 0 0
86548 2 0 0 0
86549 2 0 0 0
86554 2 0 0 0
86592 2 0 0 0
86593 1 0 0 0
86601 2 0 0 0
86610 2 0 0 0
86646 2 0 0 0
86668 2 0 0 0
86674 4 0 0 0
86686 2 0 0 0
86700 2 0 0 0
86707 2 0 0 0
86719 1 0 0 0
86740 2 0 0 0
86758 2 0 0 0
86762 2 0 0 0
86765 2 0 0 0
86777 2 0 0 0
86800 4 0 0 0
86802 2 0 0 0
86807 1 0 0 0
86824 1 0 0 0
86834 1 0 0 0
86853 2 0 0 0
86858 2 0 0 0
86868 2 0 0 0
86869 2 0 0 0
86882 2 0 0 0
86924 4 0 0 0
86925 2 0 0 0
86944 2 0 0 0
86949 2 0 0 0
86950 2 0 0 0
86959 2 0 0 0
86961 3 0 0 0
86962 2 0 0 0
86965 2 0 0 0
86976 4 0 0 0
86982 4 0 0 0
87019 2 0 0 0
87036 4 0 0 0
87042 1 0 0 0
87051 2 0 0 0
87069 2 0 0 0
87083 2 0 0 0
87087 2 0 0 0
87096 2 0 0 0
87103 2 0 0 0
87120 2 0 0 0
87121 1 0 0 0
87135 2 0 0 0
87141 2 0 0 0
87152 2 0 0 0
87162 2 0 0 0
87178 2 0 0 0
87192 2 0 0 0
87197 4 0 0 0
87211 2 0 0 0
87227 1 0 0 0
87235 2 0 0 0
87239 2 0 0 0
87242 2 0 0 0
87251 3 0 0 0
87263 4 0 0 0
87281 2 0 0 0
87285 2 0 0 0
87295 2 0 0 0
87296 2 0 0 0
87306 3 0 0 0
87312 3 0 0 0
87318 2 0 0 0
87333 4 0 0 0
87341 2 0 0 0
87349 2 0 0 0
87358 4 0 0 0
87364 2 0 0 0
87368 2 0 0 0
87385 2 0 0 0
87386 2 0 0 0
87390 2 0 0 0
87405 1 0 0 0
87407 2 0 0 0
87417 4 0 0 0
87422 1 0 0 0
87435 2 0 0 0
87454 1 0 0 0
87456 2 0 0 0
87463 2 0 0 0
87474 2 0 0 0
87476 3 0 0 0
87499 2 0 0 0
87508 2 0 0 0
87512 4 0 0 0
87513 3 0 0 0
87521 2 0 0 0
87552 2 0 0 0
87563 2 0 0 0
87582 4 0 0 0
87591 1 0 0 0
87601 2 0 0 0
87609 2 0 0 0
87610 4 0 0 0
87632 2 0 0 0
87639 4 0 0 0
87655 2 0 0 0
87672 2 0 0 0
87678 2 0 0 0
87681 2 0 0 0
87689 1 0 0 0
87697 2 0 0 0
87718 2 0 0 0
87719 1 0 0 0
87720 2 0 0 0
87749 2 0 0 0
87759 3 0 0 0
87763 2 0 0 0
87780 2 0 0 0
87787 4 0 0 0
87793 2 0 0 0
87798 2 0 0 0
87810 2 0 0 0
87825 1 0 0 0
87830 2 0 0 0
87831 2 0 0 0
87832 2 0 0 0
87839 2 0 0 0
87847 2 0 0 0
87848 2 0 0 0
87851 4 0 0 0
87879 2 0 0 0
87886 2 0 0 0
87904 2 0 0 0
87915 2 0 0 0
87934 4 0 0 0
87940 2 0 0 0
87944 1 0 0 0
87945 4 0 0 0
87954 2 0 0 0
87962 2 0 0 0
87969 2 0 0 0
87979 2 0 0 0
87983 2 0 0 0
87996 1 0 0 0
88012 2 0 0 0
88021 2 0 0 0
88027 2 0 0 0
88046 2 0 0 0
88059 2 0 0 0
88069 1 0 0 0
88078 4 0 0 0
88079 4 0 0 0
88110 2 0 0 0
88118 2 0 0 0
88124 3 0 0 0
88129 2 0 0 0
88140 3 0 0 0
88158 2 0 0 0
88159 2 0 0 0
88171 2 0 0 0
88176 2 0 0 0
88187 2 0 0 0
88188 2 0 0 0
88197 2 0 0 0
88204 3 0 0 0
88225 2 0 0 0
88230 4 0 0 0
88231 2 0 0 0
88257 2 0 0 0
88260 2 0 0 0
88261 3 0 0 0
88262 3 0 0 0
88271 2 0 0 0
88293 4 0 0 0
88304 2 0 0 0
88320 1 0 0 0
88338 2 0 0 0
88343 2 0 0 0
88352 2 0 0 0
88353 2 0 0 0
88368 2 0 0 0
88382 4 0 0 0
88401 2 0 0 0
88409 2 0 0 0
88414 1 0 0 0
88415 4 0 0 0
88421 2 0 0 0
88436 2 0 0 0
88441 4 0 0 0
88464 2 0 0 0
88468 4 0 0 0
88486 2 0 0 0
88492 2 0 0 0
88503 1 0 0 0
88515 1 0 0 0
88519 2 0 0 0
88523 3 0 0 0
88528 2 0 0 0
88529 2 0 0 0
88534 2 0 0 0
88539 2 0 0 0
88544 1 0 0 0
88548 2 0 0 0
88581 2 0 0 0
88588 2 0 0 0
88594 2 0 0 0
88603 2 0 0 0
88620 2 0 0 0
88665 2 0 0 0
88669 4 0 0 0
88674 4 0 0 0
88675 2 0 0 0
88691 2 0 0 0
88696 2 0 0 0
88704 2 0 0 0
88718 4 0 0 0
88723 2 0 0 0
88728 2 0 0 0
88746 2 0 0 0
88750 2 0 0 0
88751 3 0 0 0
88761 3 0 0 0
88777 2 0 0 0
88789 1 0 0 0
88791 2 0 0 0
88792 2 0 0 0
88823 1 0 0 0
88838 2 0 0 0
88887 4 0 0 0
88901 1 0 0 0
88907 2 0 0 0
88914 2 0 0 0
88925 2 0 0 0
88944 4 0 0 0
88956 2 0 0 0
88957 2 0 0 0
88982 2 0 0 0
88997 2 0 0 0
89013 4 0 0 0
89024 2 0 0 0
89033 2 0 0 0
89034 2 0 0 0
89075 4 0 0 0
89081 2 0 0 0
89089 2 0 0 0
89110 4 0 0 0
89116 2 0 0 0
89121 3 0 0 0
89131 2 0 0 0
89133 2 0 0 0
89134 2 0 0 0
89141 2 0 0 0
89142 2 0 0 0
89143 2 0 0 0
89149 3 0 0 0
89150 2 0 0 0
89151 2 0 0 0
89159 2 0 0 0
89160 2 0 0 0
89194 2 0 0 0
89199 2 0 0 0
89204 2 0 0 0
89212 2 0 0 0
89222 1 0 0 0
89237 2 0 0 0
89253 2 0 0 0
89257 2 0 0 0
89261 2 0 0 0
89278 2 0 0 0
89294 2 0 0 0
89303 2 0 0 0
89311 1 0 0 0
89321 2 0 0 0
89322 2 0 0 0
89331 2 0 0 0
89336 4 0 0 0
89349 2 0 0 0
89352 2 0 0 0
89386 2 0 0 0
89399 2 0 0 0
89421 2 0 0 0
89435 2 0 0 0
89455 2 0 0 0
89468 2 0 0 0
89469 2 0 0 0
89485 2 0 0 0
89489 3 0 0 0
89506 2 0 0 0
89525 2 0 0 0
89535 2 0 0 0
89536 1 0 0 0
89549 2 0 0 0
89565 1 0 0 0
89566 2 0 0 0
89571 2 0 0 0
89585 2 0 0 0
89586 4 0 0 0
89598 2 0 0 0
89610 2 0 0 0
89622 2 0 0 0
89629 2 0 0 0
89630 2 0 0 0
89645 2 0 0 0
89651 2 0 0 0
89659 1 0 0 0
89676 2 0 0 0
89683 1 0 0 0
89689 2 0 0 0
89690 2 0 0 0
89718 2 0 0 0
89733 1 0 0 0
89743 2 0 0 0
89755 1 0 0 0
89766 2 0 0 0
89782 1 0 0 0
89800 4 0 0 0
89801 2 0 0 0
89815 1 0 0 0
89826 2 0 0 0
89827 2 0 0 0
89855 4 0 0 0
89859 1 0 0 0
89867 2 0 0 0
89868 2 0 0 0
89894 2 0 0 0
89895 2 0 0 0
89902 2 0 0 0
89921 2 0 0 0
89930 2 0 0 0
89931 4 0 0 0
89936 1 0 0 0
89963 3 0 0 0
89968 4 0 0 0
89995 4 0 0 0
90001 2 0 0 0
90002 2 0 0 0
90033 2 0 0 0
90053 2 0 0 0
90054 2 0 0 0
90060 2 0 0 0
90070 3 0 0 0
90098 2 0 0 0
90104 4 0 0 0
90113 2 0 0 0
90127 2 0 0 0
90128 2 0 0 0
90140 2 0 0 0
90161 2 0 0 0
90165 2 0 0 0
90187 1 0 0 0
90210 2 0 0 0
90215 2 0 0 0
90248 3 0 0 0
90264 2 0 0 0
90276 4 0 0 0
90284 2 0 0 0
90287 3 0 0 0
90296 4 0 0 0
90297 2 0 0 0
90311 2 0 0 0
90320 2 0 0 0
90321 2 0 0 0
90336 3 0 0 0
90337 4 0 0 0
90348 2 0 0 0
90379 4 0 0 0
90388 2 0 0 0
90390 1 0 0 0
90401 2 0 0 0
90411 2 0 0 0
90429 2 0 0 0
90432 2 0 0 0
90447 2 0 0 0
90469 1 0 0 0
90500 2 0 0 0
90501 1 0 0 0
90516 2 0 0 0
90520 2 0 0 0
90523 2 0 0 0
90524 2 0 0 0
90530 2 0 0 0
90540 1 0 0 0
90541 2 0 0 0
90542 2 0 0 0
90552 2 0 0 0
90577 2 0 0 0
90579 2 0 0 0
90585 2 0 0 0
90589 2 0 0 0
90594 2 0 0 0
90610 3 0 0 0
90613 2 0 0 0
90619 2 0 0 0
90628 2 0 0 0
90632 2 0 0 0
90659 2 0 0 0
90664 2 0 0 0
90688 2 0 0 0
90706 3 0 0 0
90717 4 0 0 0
90737 2 0 0 0
90738 2 0 0 0
90761 2 0 0 0
90764 2 0 0 0
90766 2 0 0 0
90791 4 0 0 0
90796 1 0 0 0
90806 2 0 0 0
90811 2 0 0 0
90824 2 0 0 0
90842 1 0 0 0
90849 2 0 0 0
90854 2 0 0 0
90855 1 0 0 0
90861 2 0 0 0
90862 1 0 0 0
90871 2 0 0 0
90872 3 0 0 0
90890 3 0 0 0
90895 1 0 0 0
90900 2 0 0 0
90905 4 0 0 0
90914 2 0 0 0
90931 2 0 0 0
90960 2 0 0 0
90961 2 0 0 0
90981 2 0 0 0
90991 2 0 0 0
91010 1 0 0 0
91016 2 0 0 0
91020 2 0 0 0
91048 2 0 0 0
91056 1 0 0 0
91060 4 0 0 0
91061 2 0 0 0
91097 3 0 0 0
91098 4 0 0 0
91107 1 0 0 0
91119 2 0 0 0
91169 1 0 0 0
91174 2 0 0 0
91175 2 0 0 0
91185 2 0 0 0
91220 1 0 0 0
91226 1 0 0 0
91234 2 0 0 0
91239 3 0 0 0
91250 2 0 0 0
91276 2 0 0 0
91277 4 0 0 0
91283 2 0 0 0
91295 2 0 0 0
91303 4 0 0 0
91304 1 0 0 0
91314 2 0 0 0
91330 4 0 0 0
91346 4 0 0 0
91351 2 0 0 0
91381 2 0 0 0
91399 2 0 0 0
91407 1 0 0 0
91408 2 0 0 0
91414 2 0 0 0
91421 2 0 0 0
91453 2 0 0 0
91459 2 0 0 0
91460 2 0 0 0
91472 4 0 0 0
91480 2 0 0 0
91481 2 0 0 0
91495 2 0 0 0
91500 2 0 0 0
91512 2 0 0 0
91517 2 0 0 0
91538 2 0 0 0
91550 2 0 0 0
91556 2 0 0 0
91571 2 0 0 0
91573 2 0 0 0
91605 2 0 0 0
91619 1 0 0 0
91620 2 0 0 0
91639 2 0 0 0
91662 1 0 0 0
91668 1 0 0 0
91669 2 0 0 0
91687 2 0 0 0
91693 2 0 0 0
91722 2 0 0 0
91724 2 0 0 0
91743 2 0 0 0
91752 1 0 0 0
91778 2 0 0 0
91824 2 0 0 0
91828 3 0 0 0
91829 3 0 0 0
91836 2 0 0 0
91853 2 0 0 0
91866 2 0 0 0
91886 4 0 0 0
91896 2 0 0 0
91901 2 0 0 0
91918 1 0 0 0
91926 2 0 0 0
91959 2 0 0 0
91990 2 0 0 0
91998 1 0 0 0
92003 2 0 0 0
92009 2 0 0 0
92010 2 0 0 0
92015 2 0 0 0
92016 4 0 0 0
92026 2 0 0 0
92030 2 0 0 0
92050 1 0 0 0
92060 3 0 0 0
92063 2 0 0 0
92071 2 0 0 0
92088 2 0 0 0
92097 2 0 0 0
92112 2 0 0 0
92123 2 0 0 0
92135 4 0 0 0
92139 2 0 0 0
92143 2 0 0 0
92148 1 0 0 0
92153 2 0 0 0
92181 2 0 0 0
92201 3 0 0 0
92212 4 0 0 0
92219 2 0 0 0
92225 2 0 0 0
92256 2 0 0 0
92260 2 0 0 0
92268 2 0 0 0
92273 2 0 0 0
92282 1 0 0 0
92308 2 0 0 0
92310 2 0 0 0
92349 4 0 0 0
92354 2 0 0 0
92355 2 0 0 0
92357 2 0 0 0
92360 1 0 0 0
92375 2 0 0 0
92376 2 0 0 0
92387 2 0 0 0
92399 2 0 0 0
92422 2 0 0 0
92423 3 0 0 0
92426 2 0 0 0
92432 2 0 0 0
92450 2 0 0 0
92451 2 0 0 0
92456 2 0 0 0
92466 2 0 0 0
92480 2 0 0 0
92490 4 0 0 0
92514 2 0 0 0
92519 2 0 0 0
92533 2 0 0 0
92538 2 0 0 0
92551 2 0 0 0
92571 3 0 0 0
92574 2 0 0 0
92588 2 0 0 0
92589 2 0 0 0
92595 2 0 0 0
92612 1 0 0 0
92622 1 0 0 0
92629 2 0 0 0
92634 4 0 0 0
92645 2 0 0 0
92652 2 0 0 0
92659 2 0 0 0
92661 1 0 0 0
92662 3 0 0 0
92667 1 0 0 0
92676 2 0 0 0
92677 2 0 0 0
92692 2 0 0 0
92693 2 0 0 0
92701 2 0 0 0
92720 3 0 0 0
92724 2 0 0 0
92730 2 0 0 0
92737 1 0 0 0
92759 1 0 0 0
92762 2 0 0 0
92773 2 0 0 0
92781 1 0 0 0
92791 4 0 0 0
92795 1 0 0 0
92807 4 0 0 0
92822 2 0 0 0
92832 2 0 0 0
92838 3 0 0 0
92842 4 0 0 0
92846 2 0 0 0
92856 2 0 0 0
92867 3 0 0 0
92881 4 0 0 0
92896 1 0 0 0
92897 3 0 0 0
92928 4 0 0 0
92935 2 0 0 0
92939 1 0 0 0
92949 2 0 0 0
92954 2 0 0 0
92976 2 0 0 0
93000 2 0 0 0
93021 2 0 0 0
93027 1 0 0 0
93040 2 0 0 0
93054 3 0 0 0
93057 4 0 0 0
93067 2 0 0 0
93068 2 0 0 0
93092 2 0 0 0
93099 2 0 0 0
93106 1 0 0 0
93121 2 0 0 0
93137 2 0 0 0
93159 2 0 0 0
93165 2 0 0 0
93171 2 0 0 0
93179 2 0 0 0
93188 3 0 0 0
93211 1 0 0 0
93227 2 0 0 0
93228 1 0 0 0
93249 2 0 0 0
93254 1 0 0 0
93259 4 0 0 0
93264 2 0 0 0
93271 2 0 0 0
93276 1 0 0 0
93314 4 0 0 0
93315 3 0 0 0
93325 2 0 0 0
93338 2 0 0 0
93350 4 0 0 0
93360 1 0 0 0
93365 3 0 0 0
93371 2 0 0 0
93379 2 0 0 0
93397 3 0 0 0
93403 4 0 0 0
93425 1 0 0 0
93429 2 0 0 0
93430 1 0 0 0
93433 4 0 0 0
93438 2 0 0 0
93447 1 0 0 0
93452 2 0 0 0
93459 2 0 0 0
93473 2 0 0 0
93518 2 0 0 0
93527 2 0 0 0
93536 2 0 0 0
93546 2 0 0 0
93595 4 0 0 0
93601 2 0 0 0
93606 2 0 0 0
93613 2 0 0 0
93616 4 0 0 0
93628 2 0 0 0
93636 2 0 0 0
93640 2 0 0 0
93647 2 0 0 0
93656 2 0 0 0
93674 1 0 0 0
93686 4 0 0 0
93690 2 0 0 0
93695 1 0 0 0
93701 2 0 0 0
93717 2 0 0 0
93721 2 0 0 0
93723 2 0 0 0
93738 1 0 0 0
93742 2 0 0 0
93747 2 0 0 0
93780 1 0 0 0
93791 2 0 0 0
93792 2 0 0 0
93806 2 0 0 0
93812 4 0 0 0
93813 2 0 0 0
93831 2 0 0 0
93839 2 0 0 0
93840 2 0 0 0
93841 3 0 0 0
93848 2 0 0 0
93881 2 0 0 0
93889 2 0 0 0
93890 2 0 0 0
93895 2 0 0 0
93896 2 0 0 0
93920 1 0 0 0
93923 2 0 0 0
93943 1 0 0 0
93964 2 0 0 0
93970 1 0 0 0
93983 2 0 0 0
93994 2 0 0 0
93995 2 0 0 0
94001 2 0 0 0
94021 2 0 0 0
94026 1 0 0 0
94056 4 0 0 0
94059 2 0 0 0
94066 4 0 0 0
94079 4 0 0 0
94084 1 0 0 0
94091 2 0 0 0
94120 1 0 0 0
94121 2 0 0 0
94127 3 0 0 0
94129 2 0 0 0
94152 2 0 0 0
94153 2 0 0 0
94166 2 0 0 0
94167 3 0 0 0
94172 1 0 0 0
94206 3 0 0 0
94207 1 0 0 0
94218 1 0 0 0
94226 1 0 0 0
94231 1 0 0 0
94235 2 0 0 0
94243 2 0 0 0
94255 2 0 0 0
94268 2 0 0 0
94274 1 0 0 0
94301 4 0 0 0
94302 4 0 0 0
94303 2 0 0 0
94324 2 0 0 0
94331 2 0 0 0
94337 3 0 0 0
94342 2 0 0 0
94345 2 0 0 0
94351 2 0 0 0
94356 2 0 0 0
94389 3 0 0 0
94400 2 0 0 0
94411 2 0 0 0
94416 1 0 0 0
94426 4 0 0 0
94431 1 0 0 0
94442 2 0 0 0
94447 2 0 0 0
94467 4 0 0 0
94483 4 0 0 0
94495 1 0 0 0
94511 2 0 0 0
94512 2 0 0 0
94518 2 0 0 0
94523 2 0 0 0
94536 1 0 0 0
94561 2 0 0 0
94565 2 0 0 0
94569 2 0 0 0
94580 2 0 0 0
94599 2 0 0 0
94616 2 0 0 0
94628 2 0 0 0
94638 2 0 0 0
94650 2 0 0 0
94669 4 0 0 0
94682 2 0 0 0
94687 2 0 0 0
94700 4 0 0 0
94701 2 0 0 0
94706 1 0 0 0
94716 2 0 0 0
94733 4 0 0 0
94751 2 0 0 0
94768 3 0 0 0
94781 2 0 0 0
94784 2 0 0 0
94804 2 0 0 0
94813 2 0 0 0
94821 2 0 0 0
94841 1 0 0 0
94842 2 0 0 0
94849 2 0 0 0
94859 4 0 0 0
94866 2 0 0 0
94878 2 0 0 0
94898 2 0 0 0
94910 2 0 0 0
94916 2 0 0 0
94917 2 0 0 0
94929 2 0 0 0
94961 4 0 0 0
94966 1 0 0 0
94972 2 0 0 0
94976 2 0 0 0
94986 2 0 0 0
94997 1 0 0 0
95026 1 0 0 0
95031 4 0 0 0
95049 2 0 0 0
95057 2 0 0 0
95067 2 0 0 0
95097 2 0 0 0
95118 2 0 0 0
95125 1 0 0 0
95134 2 0 0 0
95145 2 0 0 0
95165 2 0 0 0
95171 4 0 0 0
95184 2 0 0 0
95189 4 0 0 0
95194 1 0 0 0
95206 4 0 0 0
95224 2 0 0 0
95229 2 0 0 0
95260 2 0 0 0
95267 2 0 0 0
95276 2 0 0 0
95285 2 0 0 0
95328 1 0 0 0
95333 2 0 0 0
95344 1 0 0 0
95350 2 0 0 0
95391 3 0 0 0
95406 2 0 0 0
95407 2 0 0 0
95440 3 0 0 0
95457 4 0 0 0
95462 1 0 0 0
95463 3 0 0 0
95476 2 0 0 0
95477 3 0 0 0
95481 2 0 0 0
95504 1 0 0 0
95505 2 0 0 0
95521 1 0 0 0
95525 1 0 0 0
95577 2 0 0 0
95581 4 0 0 0
95595 2 0 0 0
95596 1 0 0 0
95612 2 0 0 0
95625 2 0 0 0
95633 4 0 0 0
95650 2 0 0 0
95655 2 0 0 0
95658 2 0 0 0
95659 2 0 0 0
95667 1 0 0 0
95684 2 0 0 0
95692 2 0 0 0
95697 2 0 0 0
95710 1 0 0 0
95736 4 0 0 0
95746 3 0 0 0
95753 2 0 0 0
95754 2 0 0 0
95782 1 0 0 0
95797 2 0 0 0
95807 2 0 0 0
95828 2 0 0 0
95837 2 0 0 0
95845 2 0 0 0
95846 3 0 0 0
95852 2 0 0 0
95858 3 0 0 0
95883 1 0 0 0
95889 2 0 0 0
95905 4 0 0 0
95911 2 0 0 0
95922 4 0 0 0
95940 2 0 0 0
95945 2 0 0 0
95955 2 0 0 0
95982 2 0 0 0
95991 1 0 0 0
95997 4 0 0 0
96006 2 0 0 0
96021 1 0 0 0
96035 3 0 0 0
96049 2 0 0 0
96050 2 0 0 0
96071 2 0 0 0
96081 2 0 0 0
96089 4 0 0 0
96095 4 0 0 0
96110 2 0 0 0
96111 2 0 0 0
96137 2 0 0 0
96151 2 0 0 0
96178 2 0 0 0
96184 2 0 0 0
96195 1 0 0 0
96196 2 0 0 0
96197 2 0 0 0
96217 2 0 0 0
96222 2 0 0 0
96244 1 0 0 0
96272 1 0 0 0
96281 2 0 0 0
96293 2 0 0 0
96294 2 0 0 0
96326 1 0 0 0
96332 2 0 0 0
96337 2 0 0 0
96344 2 0 0 0
96409 1 0 0 0
96420 4 0 0 0
96426 2 0 0 0
96436 2 0 0 0
96444 2 0 0 0
96452 1 0 0 0
96465 2 0 0 0
96475 4 0 0 0
96476 2 0 0 0
96486 2 0 0 0
96487 2 0 0 0
96504 2 0 0 0
96512 2 0 0 0
96524 4 0 0 0
96539 2 0 0 0
96547 2 0 0 0
96567 4 0 0 0
96581 3 0 0 0
96587 2 0 0 0
96589 4 0 0 0
96607 2 0 0 0
96621 1 0 0 0
96666 2 0 0 0
96683 4 0 0 0
96688 2 0 0 0
96693 2 0 0 0
96694 2 0 0 0
96699 4 0 0 0
96706 2 0 0 0
96707 2 0 0 0
96716 4 0 0 0
96733 4 0 0 0
96734 2 0 0 0
96746 4 0 0 0
96757 1 0 0 0
96762 2 0 0 0
96786 2 0 0 0
96787 1 0 0 0
96805 2 0 0 0
96829 2 0 0 0
96845 2 0 0 0
96850 2 0 0 0
96861 2 0 0 0
96866 4 0 0 0
96867 2 0 0 0
96897 2 0 0 0
96902 1 0 0 0
96920 1 0 0 0
96925 4 0 0 0
96942 2 0 0 0
96946 2 0 0 0
96976 1 0 0 0
96982 1 0 0 0
96987 2 0 0 0
96999 2 0 0 0
97004 2 0 0 0
97009 2 0 0 0
97022 4 0 0 0
97039 1 0 0 0
97057 4 0 0 0
97069 2 0 0 0
97085 2 0 0 0
97102 2 0 0 0
97106 3 0 0 0
97119 2 0 0 0
97126 2 0 0 0
97167 2 0 0 0
97172 4 0 0 0
97212 2 0 0 0
97229 2 0 0 0
97235 2 0 0 0
97246 3 0 0 0
97267 1 0 0 0
97268 4 0 0 0
97285 2 0 0 0
97297 2 0 0 0
97314 2 0 0 0
97327 2 0 0 0
97328 2 0 0 0
97336 2 0 0 0
97341 4 0 0 0
97360 2 0 0 0
97371 4 0 0 0
97377 4 0 0 0
97432 2 0 0 0
97443 3 0 0 0
97470 4 0 0 0
97475 4 0 0 0
97483 2 0 0 0
97484 3 0 0 0
97505 1 0 0 0
97510 2 0 0 0
97542 2 0 0 0
97543 2 0 0 0
97553 2 0 0 0
97554 2 0 0 0
97573 1 0 0 0
97593 4 0 0 0
97594 2 0 0 0
97603 2 0 0 0
97608 2 0 0 0
97625 2 0 0 0
97640 2 0 0 0
97646 2 0 0 0
97651 2 0 0 0
97660 1 0 0 0
97673 1 0 0 0
97695 2 0 0 0
97700 2 0 0 0
97711 4 0 0 0
97730 1 0 0 0
97734 2 0 0 0
97747 4 0 0 0
97752 2 0 0 0
97763 2 0 0 0
97776 2 0 0 0
97793 2 0 0 0
97794 2 0 0 0
97816 2 0 0 0
97820 2 0 0 0
97837 2 0 0 0
97850 2 0 0 0
97864 1 0 0 0
97870 2 0 0 0
97881 4 0 0 0
97885 4 0 0 0
97890 1 0 0 0
97940 2 0 0 0
97944 2 0 0 0
97962 4 0 0 0
97967 1 0 0 0
97972 1 0 0 0
98005 2 0 0 0
98006 2 0 0 0
98023 2 0 0 0
98047 2 0 0 0
98053 4 0 0 0
98092 1 0 0 0
98136 3 0 0 0
98145 1 0 0 0
98151 1 0 0 0
98178 1 0 0 0
98186 2 0 0 0
98187 2 0 0 0
98204 4 0 0 0
98205 2 0 0 0
98216 2 0 0 0
98225 2 0 0 0
98231 2 0 0 0
98236 2 0 0 0
98250 3 0 0 0
98266 1 0 0 0
98270 3 0 0 0
98272 2 0 0 0
98280 2 0 0 0
98286 2 0 0 0
98287 2 0 0 0
98293 4 0 0 0
98310 2 0 0 0
98311 1 0 0 0
98321 2 0 0 0
98322 2 0 0 0
98327 2 0 0 0
98328 2 0 0 0
98333 1 0 0 0
98345 3 0 0 0
98349 2 0 0 0
98352 2 0 0 0
98378 2 0 0 0
98379 3 0 0 0
98400 2 0 0 0
98401 1 0 0 0
98403 2 0 0 0
98411 2 0 0 0
98435 2 0 0 0
98439 2 0 0 0
98443 2 0 0 0
98444 1 0 0 0
98464 2 0 0 0
98468 2 0 0 0
98497 2 0 0 0
98498 2 0 0 0
98510 4 0 0 0
98517 2 0 0 0
98522 1 0 0 0
98534 2 0 0 0
98540 2 0 0 0
98564 4 0 0 0
98565 2 0 0 0
98571 2 0 0 0
98572 2 0 0 0
98589 1 0 0 0
98590 2 0 0 0
98596 2 0 0 0
98597 2 0 0 0
98601 2 0 0 0
98612 2 0 0 0
98613 2 0 0 0
98641 2 0 0 0
98645 2 0 0 0
98646 2 0 0 0
98656 2 0 0 0
98660 2 0 0 0
98668 1 0 0 0
98693 3 0 0 0
98699 2 0 0 0
98702 2 0 0 0
98706 2 0 0 0
98710 2 0 0 0
98738 2 0 0 0
98757 3 0 0 0
98764 2 0 0 0
98769 2 0 0 0
98783 2 0 0 0
98790 2 0 0 0
98795 2 0 0 0
98821 4 0 0 0
98844 2 0 0 0
98857 2 0 0 0
98860 4 0 0 0
98865 2 0 0 0
98885 2 0 0 0
98888 4 0 0 0
98910 4 0 0 0
98929 2 0 0 0
98945 2 0 0 0
98961 2 0 0 0
98971 1 0 0 0
98994 3 0 0 0
99006 2 0 0 0
99036 2 0 0 0
99066 3 0 0 0
99085 3 0 0 0
99102 2 0 0 0
99110 2 0 0 0
99127 1 0 0 0
99137 2 0 0 0
99152 4 0 0 0
99159 2 0 0 0
99168 2 0 0 0
99187 2 0 0 0
99203 2 0 0 0
99212 4 0 0 0
99228 4 0 0 0
99245 4 0 0 0
99255 3 0 0 0
99274 4 0 0 0
99304 2 0 0 0
99305 2 0 0 0
99307 2 0 0 0
99316 2 0 0 0
99319 2 0 0 0
99340 3 0 0 0
99345 2 0 0 0
99350 2 0 0 0
99357 2 0 0 0
99358 2 0 0 0
99365 2 0 0 0
99392 2 0 0 0
99396 4 0 0 0
99401 2 0 0 0
99406 1 0 0 0
99423 2 0 0 0
99428 2 0 0 0
99441 2 0 0 0
99448 2 0 0 0
99458 1 0 0 0
99463 2 0 0 0
99469 4 0 0 0
99490 1 0 0 0
99495 4 0 0 0
99499 4 0 0 0
99512 2 0 0 0
99525 4 0 0 0
99526 2 0 0 0
99560 4 0 0 0
99575 3 0 0 0
99591 2 0 0 0
99597 2 0 0 0
99614 4 0 0 0
99619 2 0 0 0
99639 2 0 0 0
99640 2 0 0 0
99659 1 0 0 0
99670 2 0 0 0
99683 2 0 0 0
99684 1 0 0 0
99685 4 0 0 0
99697 2 0 0 0
99705 2 0 0 0
99711 2 0 0 0
99713 4 0 0 0
99736 2 0 0 0
99742 2 0 0 0
99748 2 0 0 0
99761 1 0 0 0
99782 3 0 0 0
99784 1 0 0 0
99795 2 0 0 0
99834 2 0 0 0
99835 2 0 0 0
99860 2 0 0 0
99862 4 0 0 0
99876 2 0 0 0
99903 2 0 0 0
99911 2 0 0 0
99913 2 0 0 0
99914 2 0 0 0
99918 1 0 0 0
99923 4 0 0 0
99930 2 0 0 0
99953 4 0 0 0
99972 2 0 0 0
99996 4 0 0 0
100012 2 0 0 0
100017 1 0 0 0
100026 2 0 0 0
100044 2 0 0 0
100049 2 0 0 0
100060 4 0 0 0
100069 2 0 0 0
100080 2 0 0 0
100082 2 0 0 0
100089 2 0 0 0
100102 1 0 0 0
100107 1 0 0 0
100108 1 0 0 0
100125 4 0 0 0
100135 2 0 0 0
100141 2 0 0 0
100177 3 0 0 0
100183 3 0 0 0
100200 2 0 0 0
100201 3 0 0 0
100206 2 0 0 0
100210 2 0 0 0
100222 2 0 0 0
100228 2 0 0 0
100232 2 0 0 0
100273 2 0 0 0
100278 2 0 0 0
100295 2 0 0 0
100310 4 0 0 0
100337 2 0 0 0
100342 2 0 0 0
100366 2 0 0 0
100371 2 0 0 0
100378 2 0 0 0
100390 4 0 0 0
100399 3 0 0 0
100400 2 0 0 0
100413 2 0 0 0
100426 1 0 0 0
100441 4 0 0 0
100442 3 0 0 0
100473 4 0 0 0
100487 2 0 0 0
100494 4 0 0 0
100523 4 0 0 0
100533 2 0 0 0
100540 3 0 0 0
100541 2 0 0 0
100545 2 0 0 0
100553 2 0 0 0
100560 2 0 0 0
100566 2 0 0 0
100577 4 0 0 0
100589 1 0 0 0
100597 2 0 0 0
100598 2 0 0 0
100607 1 0 0 0
100631 2 0 0 0
100644 3 0 0 0
100645 3 0 0 0
100667 2 0 0 0
100675 2 0 0 0
100680 2 0 0 0
100685 2 0 0 0
100689 2 0 0 0
100708 2 0 0 0
100710 1 0 0 0
100726 2 0 0 0
100727 2 0 0 0
100728 2 0 0 0
100737 1 0 0 0
100743 2 0 0 0
100746 2 0 0 0
100751 4 0 0 0
100767 2 0 0 0
100787 1 0 0 0
100800 2 0 0 0
100801 2 0 0 0
100807 3 0 0 0
100809 4 0 0 0
100832 2 0 0 0
100838 4 0 0 0
100852 2 0 0 0
100853 1 0 0 0
100864 4 0 0 0
100887 2 0 0 0
100889 2 0 0 0
100895 2 0 0 0
100925 4 0 0 0
100932 2 0 0 0
100942 2 0 0 0
100948 2 0 0 0
100954 4 0 0 0
100959 2 0 0 0
100974 1 0 0 0
100978 4 0 0 0
101004 2 0 0 0
101005 2 0 0 0
101018 2 0 0 0
101032 1 0 0 0
101049 2 0 0 0
101077 4 0 0 0
101089 2 0 0 0
101096 2 0 0 0
101109 2 0 0 0
101131 1 0 0 0
101161 2 0 0 0
101169 2 0 0 0
101174 3 0 0 0
101180 4 0 0 0
101185 2 0 0 0
101186 2 0 0 0
101197 2 0 0 0
101201 2 0 0 0
101223 2 0 0 0
101228 2 0 0 0
101229 2 0 0 0
101242 2 0 0 0
101243 2 0 0 0
101250 2 0 0 0
101275 1 0 0 0
101287 2 0 0 0
101298 4 0 0 0
101303 2 0 0 0
101310 3 0 0 0
101316 3 0 0 0
101321 2 0 0 0
101326 2 0 0 0
101341 2 0 0 0
101342 2 0 0 0
101374 2 0 0 0
101399 2 0 0 0
101400 2 0 0 0
101405 2 0 0 0
101411 2 0 0 0
101417 1 0 0 0
101433 4 0 0 0
101443 2 0 0 0
101448 2 0 0 0
101468 2 0 0 0
101474 2 0 0 0
101502 4 0 0 0
101506 1 0 0 0
101521 2 0 0 0
101531 2 0 0 0
101564 1 0 0 0
101597 2 0 0 0
101598 2 0 0 0
101604 4 0 0 0
101625 2 0 0 0
101635 1 0 0 0
101636 2 0 0 0
101664 2 0 0 0
101667 2 0 0 0
101716 2 0 0 0
101717 2 0 0 0
101719 2 0 0 0
101733 2 0 0 0
101734 2 0 0 0
101735 3 0 0 0
101741 1 0 0 0
101745 2 0 0 0
101746 2 0 0 0
101768 4 0 0 0
101769 3 0 0 0
101770 2 0 0 0
101790 3 0 0 0
101817 2 0 0 0
101818 2 0 0 0
101819 2 0 0 0
101820 2 0 0 0
101824 2 0 0 0
101838 1 0 0 0
101855 1 0 0 0
101866 4 0 0 0
101871 1 0 0 0
101886 2 0 0 0
101887 2 0 0 0
101894 2 0 0 0
101917 2 0 0 0
101918 2 0 0 0
101936 2 0 0 0
101950 1 0 0 0
102014 3 0 0 0
102032 2 0 0 0
102033 2 0 0 0
102052 2 0 0 0
102068 2 0 0 0
102077 2 0 0 0
102088 2 0 0 0
102094 2 0 0 0
102098 2 0 0 0
102102 2 0 0 0
102114 2 0 0 0
102115 2 0 0 0
102137 2 0 0 0
102143 2 0 0 0
102149 3 0 0 0
102154 2 0 0 0
102157 2 0 0 0
102158 2 0 0 0
102185 3 0 0 0
102204 4 0 0 0
102220 2 0 0 0
102221 2 0 0 0
102242 2 0 0 0
102243 2 0 0 0
102269 2 0 0 0
102270 2 0 0 0
102282 2 0 0 0
102283 2 0 0 0
102294 2 0 0 0
102304 2 0 0 0
102317 4 0 0 0
102322 2 0 0 0
102327 2 0 0 0
102343 4 0 0 0
102347 1 0 0 0
102367 2 0 0 0
102368 2 0 0 0
102377 4 0 0 0
102381 2 0 0 0
102387 4 0 0 0
102397 2 0 0 0
102398 2 0 0 0
102426 4 0 0 0
102439 1 0 0 0
102443 2 0 0 0
102450 4 0 0 0
102466 1 0 0 0
102478 2 0 0 0
102479 2 0 0 0
102484 2 0 0 0
102501 2 0 0 0
102508 2 0 0 0
102533 2 0 0 0
102534 2 0 0 0
102541 3 0 0 0
102563 3 0 0 0
102567 2 0 0 0
102584 2 0 0 0
102592 1 0 0 0
102640 1 0 0 0
102642 3 0 0 0
102665 4 0 0 0
102674 2 0 0 0
102683 2 0 0 0
102694 2 0 0 0
102747 4 0 0 0
102795 2 0 0 0
102800 2 0 0 0
102825 3 0 0 0
102826 2 0 0 0
102859 1 0 0 0
102864 3 0 0 0
102871 2 0 0 0
102890 2 0 0 0
102891 4 0 0 0
102910 2 0 0 0
102916 2 0 0 0
102926 2 0 0 0
102930 2 0 0 0
102942 2 0 0 0
102946 2 0 0 0
102947 2 0 0 0
102952 4 0 0 0
102958 2 0 0 0
102984 2 0 0 0
102999 2 0 0 0
103000 2 0 0 0
103021 2 0 0 0
103022 2 0 0 0
103029 2 0 0 0
103038 2 0 0 0
103044 1 0 0 0
103058 3 0 0 0
103070 2 0 0 0
103082 1 0 0 0
103088 4 0 0 0
103148 2 0 0 0
103161 4 0 0 0
103184 2 0 0 0
103205 1 0 0 0
103206 4 0 0 0
103233 3 0 0 0
103239 1 0 0 0
103244 2 0 0 0
103249 1 0 0 0
103251 2 0 0 0
103265 2 0 0 0
103293 2 0 0 0
103315 1 0 0 0
103320 2 0 0 0
103326 2 0 0 0
103333 4 0 0 0
103352 1 0 0 0
103353 2 0 0 0
103370 3 0 0 0
103377 4 0 0 0
103384 2 0 0 0
103389 2 0 0 0
103401 2 0 0 0
103418 2 0 0 0
103419 2 0 0 0
103436 2 0 0 0
103443 2 0 0 0
103465 2 0 0 0
103466 2 0 0 0
103486 1 0 0 0
103492 3 0 0 0
103512 2 0 0 0
103515 2 0 0 0
103527 1 0 0 0
103538 1 0 0 0
103548 1 0 0 0
103559 2 0 0 0
103560 1 0 0 0
103570 1 0 0 0
103591 4 0 0 0
103592 2 0 0 0
103602 1 0 0 0
103611 2 0 0 0
103612 2 0 0 0
103646 4 0 0 0
103647 1 0 0 0
103660 2 0 0 0
103666 2 0 0 0
103681 2 0 0 0
103686 2 0 0 0
103699 1 0 0 0
103723 2 0 0 0
103730 2 0 0 0
103737 2 0 0 0
103745 2 0 0 0
103750 2 0 0 0
103760 2 0 0 0
103778 2 0 0 0
103800 1 0 0 0
103806 2 0 0 0
103810 2 0 0 0
103816 3 0 0 0
103820 2 0 0 0
103826 2 0 0 0
103842 1 0 0 0
103844 2 0 0 0
103851 2 0 0 0
103852 2 0 0 0
103872 4 0 0 0
103877 2 0 0 0
103911 2 0 0 0
103912 2 0 0 0
103931 2 0 0 0
103938 2 0 0 0
103949 2 0 0 0
103959 1 0 0 0
103964 2 0 0 0
103971 2 0 0 0
103985 2 0 0 0
104007 2 0 0 0
104011 2 0 0 0
104021 2 0 0 0
104022 2 0 0 0
104024 2 0 0 0
104032 2 0 0 0
104073 2 0 0 0
104152 2 0 0 0
104186 2 0 0 0
104204 2 0 0 0
104224 2 0 0 0
104239 2 0 0 0
104244 1 0 0 0
104254 2 0 0 0
104259 4 0 0 0
104268 2 0 0 0
104283 2 0 0 0
104293 2 0 0 0
104298 2 0 0 0
104299 2 0 0 0
104315 2 0 0 0
104316 2 0 0 0
104346 2 0 0 0
104347 3 0 0 0
104354 2 0 0 0
104359 2 0 0 0
104371 4 0 0 0
104381 2 0 0 0
104387 2 0 0 0
104404 2 0 0 0
104419 2 0 0 0
104420 2 0 0 0
104435 4 0 0 0
104441 4 0 0 0
104442 3 0 0 0
104460 2 0 0 0
104465 2 0 0 0
104494 2 0 0 0
104499 4 0 0 0
104509 2 0 0 0
104542 1 0 0 0
104548 4 0 0 0
104554 4 0 0 0
104561 2 0 0 0
104562 2 0 0 0
104573 1 0 0 0
104637 4 0 0 0
104657 2 0 0 0
104669 2 0 0 0
104674 3 0 0 0
104695 1 0 0 0
104697 4 0 0 0
104716 1 0 0 0
104734 2 0 0 0
104735 1 0 0 0
104745 2 0 0 0
104761 2 0 0 0
104765 2 0 0 0
104787 2 0 0 0
104794 1 0 0 0
104806 2 0 0 0
104819 2 0 0 0
104820 2 0 0 0
104831 4 0 0 0
104844 1 0 0 0
104860 2 0 0 0
104884 2 0 0 0
104894 2 0 0 0
104895 2 0 0 0
104896 2 0 0 0
104936 2 0 0 0
104953 1 0 0 0
104954 2 0 0 0
104959 2 0 0 0
104972 4 0 0 0
104980 2 0 0 0
104988 2 0 0 0
104992 2 0 0 0
105000 2 0 0 0
105001 2 0 0 0
105009 4 0 0 0
105012 2 0 0 0
105027 1 0 0 0
105062 4 0 0 0
105063 4 0 0 0
105079 4 0 0 0
105087 1 0 0 0
105091 2 0 0 0
105097 2 0 0 0
105111 2 0 0 0
105120 3 0 0 0
105121 2 0 0 0
105126 2 0 0 0
105176 2 0 0 0
105180 2 0 0 0
105185 2 0 0 0
105202 2 0 0 0
105203 2 0 0 0
105218 2 0 0 0
105219 2 0 0 0
105228 2 0 0 0
105238 2 0 0 0
105239 2 0 0 0
105243 2 0 0 0
105253 1 0 0 0
105261 2 0 0 0
105272 4 0 0 0
105294 2 0 0 0
105311 4 0 0 0
105349 2 0 0 0
105359 1 0 0 0
105377 2 0 0 0
105398 2 0 0 0
105431 4 0 0 0
105442 2 0 0 0
105455 2 0 0 0
105464 2 0 0 0
105474 2 0 0 0
105498 2 0 0 0
105525 2 0 0 0
105526 2 0 0 0
105531 2 0 0 0
105552 2 0 0 0
105575 2 0 0 0
105580 2 0 0 0
105622 2 0 0 0
105623 1 0 0 0
105624 2 0 0 0
105638 2 0 0 0
105652 4 0 0 0
105654 4 0 0 0
105671 4 0 0 0
105683 1 0 0 0
105684 4 0 0 0
105702 3 0 0 0
105704 2 0 0 0
105708 2 0 0 0
105728 2 0 0 0
105762 2 0 0 0
105764 2 0 0 0
105770 1 0 0 0
105778 2 0 0 0
105779 2 0 0 0
105784 2 0 0 0
105799 4 0 0 0
105809 4 0 0 0
105814 3 0 0 0
105820 4 0 0 0
105828 2 0 0 0
105853 1 0 0 0
105870 1 0 0 0
105881 2 0 0 0
105885 2 0 0 0
105896 2 0 0 0
105897 3 0 0 0
105919 4 0 0 0
105942 2 0 0 0
105959 1 0 0 0
105975 3 0 0 0
105979 4 0 0 0
105984 2 0 0 0
105998 2 0 0 0
106009 2 0 0 0
106014 1 0 0 0
106015 2 0 0 0
106021 2 0 0 0
106039 4 0 0 0
106064 4 0 0 0
106089 2 0 0 0
106094 3 0 0 0
106098 2 0 0 0
106099 2 0 0 0
106116 4 0 0 0
106142 2 0 0 0
106143 1 0 0 0
106148 4 0 0 0
106153 4 0 0 0
106160 4 0 0 0
106192 3 0 0 0
106199 2 0 0 0
106210 2 0 0 0
106219 2 0 0 0
106230 4 0 0 0
106254 2 0 0 0
106261 3 0 0 0
106262 3 0 0 0
106295 2 0 0 0
106304 3 0 0 0
106306 2 0 0 0
106311 1 0 0 0
106318 2 0 0 0
106335 2 0 0 0
106360 4 0 0 0
106364 2 0 0 0
106369 2 0 0 0
106380 3 0 0 0
106393 2 0 0 0
106394 3 0 0 0
106409 2 0 0 0
106410 2 0 0 0
106414 2 0 0 0
106415 2 0 0 0
106443 2 0 0 0
106444 2 0 0 0
106453 2 0 0 0
106480 2 0 0 0
106481 1 0 0 0
106483 2 0 0 0
106491 4 0 0 0
106509 2 0 0 0
106523 2 0 0 0
106536 2 0 0 0
106539 2 0 0 0
106549 4 0 0 0
106550 2 0 0 0
106559 3 0 0 0
106560 2 0 0 0
106590 1 0 0 0
106599 2 0 0 0
106614 2 0 0 0
106625 2 0 0 0
106626 2 0 0 0
106652 2 0 0 0
106657 2 0 0 0
106667 2 0 0 0
106674 2 0 0 0
106679 3 0 0 0
106681 4 0 0 0
106685 2 0 0 0
106694 2 0 0 0
106700 1 0 0 0
106701 4 0 0 0
106719 2 0 0 0
106720 2 0 0 0
106725 2 0 0 0
106747 4 0 0 0
106752 2 0 0 0
106762 2 0 0 0
106767 2 0 0 0
106810 1 0 0 0
106829 2 0 0 0
106834 2 0 0 0
106853 2 0 0 0
106858 1 0 0 0
106863 2 0 0 0
106864 2 0 0 0
106897 2 0 0 0
106903 2 0 0 0
106904 3 0 0 0
106925 2 0 0 0
106931 4 0 0 0
106956 2 0 0 0
106960 2 0 0 0
106965 2 0 0 0
106966 2 0 0 0
106982 3 0 0 0
106987 3 0 0 0
107024 2 0 0 0
107029 2 0 0 0
107035 1 0 0 0
107043 2 0 0 0
107050 2 0 0 0
107051 2 0 0 0
107056 2 0 0 0
107076 2 0 0 0
107085 2 0 0 0
107097 2 0 0 0
107114 2 0 0 0
107115 2 0 0 0
107132 2 0 0 0
107137 2 0 0 0
107157 2 0 0 0
107162 2 0 0 0
107169 4 0 0 0
107181 2 0 0 0
107190 2 0 0 0
107192 2 0 0 0
107193 2 0 0 0
107198 2 0 0 0
107212 2 0 0 0
107215 2 0 0 0
107218 2 0 0 0
107224 1 0 0 0
107242 2 0 0 0
107247 4 0 0 0
107280 1 0 0 0
107331 2 0 0 0
107338 1 0 0 0
107386 2 0 0 0
107387 4 0 0 0
107392 4 0 0 0
107405 2 0 0 0
107406 4 0 0 0
107417 2 0 0 0
107425 1 0 0 0
107433 2 0 0 0
107441 2 0 0 0
107442 2 0 0 0
107481 2 0 0 0
107490 2 0 0 0
107491 2 0 0 0
107496 2 0 0 0
107522 1 0 0 0
107531 4 0 0 0
107541 3 0 0 0
107542 2 0 0 0
107564 4 0 0 0
107578 2 0 0 0
107579 2 0 0 0
107605 2 0 0 0
107614 1 0 0 0
107616 4 0 0 0
107617 3 0 0 0
107624 2 0 0 0
107628 4 0 0 0
107636 1 0 0 0
107662 2 0 0 0
107666 2 0 0 0
107682 3 0 0 0
107687 2 0 0 0
107712 2 0 0 0
107720 3 0 0 0
107737 1 0 0 0
107746 2 0 0 0
107752 4 0 0 0
107766 2 0 0 0
107767 2 0 0 0
107773 3 0 0 0
107797 2 0 0 0
107807 2 0 0 0
107821 2 0 0 0
107825 1 0 0 0
107831 2 0 0 0
107837 2 0 0 0
107841 2 0 0 0
107848 3 0 0 0
107888 3 0 0 0
107893 1 0 0 0
107909 2 0 0 0
107924 2 0 0 0
107932 2 0 0 0
107933 2 0 0 0
107949 2 0 0 0
107950 2 0 0 0
107967 2 0 0 0
107968 2 0 0 0
107978 2 0 0 0
107984 2 0 0 0
107988 1 0 0 0
107989 2 0 0 0
108054 4 0 0 0
108056 2 0 0 0
108057 1 0 0 0
108063 2 0 0 0
108069 1 0 0 0
108113 3 0 0 0
108119 2 0 0 0
108120 2 0 0 0
108121 2 0 0 0
108126 4 0 0 0
108145 1 0 0 0
108169 2 0 0 0
108180 2 0 0 0
108190 2 0 0 0
108195 2 0 0 0
108205 2 0 0 0
108211 2 0 0 0
108212 1 0 0 0
108227 2 0 0 0
108260 4 0 0 0
108290 2 0 0 0
108298 2 0 0 0
108326 2 0 0 0
108334 2 0 0 0
108343 1 0 0 0
108345 4 0 0 0
108351 2 0 0 0
108360 2 0 0 0
108378 4 0 0 0
108379 1 0 0 0
108383 3 0 0 0
108395 1 0 0 0
108405 2 0 0 0
108406 3 0 0 0
108418 4 0 0 0
108453 3 0 0 0
108473 2 0 0 0
108474 2 0 0 0
108496 1 0 0 0
108509 2 0 0 0
108519 4 0 0 0
108542 2 0 0 0
108543 2 0 0 0
108564 1 0 0 0
108571 2 0 0 0
108582 4 0 0 0
108601 2 0 0 0
108607 2 0 0 0
108617 4 0 0 0
108623 4 0 0 0
108645 2 0 0 0
108653 2 0 0 0
108657 2 0 0 0
108670 2 0 0 0
108683 2 0 0 0
108687 1 0 0 0
108691 2 0 0 0
108722 2 0 0 0
108723 4 0 0 0
108733 4 0 0 0
108745 2 0 0 0
108755 4 0 0 0
108760 4 0 0 0
108780 2 0 0 0
108791 2 0 0 0
108806 4 0 0 0
108818 2 0 0 0
108836 1 0 0 0
108858 2 0 0 0
108863 1 0 0 0
108892 2 0 0 0
108900 2 0 0 0
108910 2 0 0 0
108941 2 0 0 0
108951 2 0 0 0
109025 2 0 0 0
109036 2 0 0 0
109043 1 0 0 0
109092 4 0 0 0
109102 1 0 0 0
109103 2 0 0 0
109110 2 0 0 0
109116 2 0 0 0
109121 2 0 0 0
109134 2 0 0 0
109149 2 0 0 0
109171 2 0 0 0
109180 1 0 0 0
109189 2 0 0 0
109205 1 0 0 0
109216 2 0 0 0
109225 3 0 0 0
109265 4 0 0 0
109269 4 0 0 0
109291 2 0 0 0
109296 2 0 0 0
109302 2 0 0 0
109307 1 0 0 0
109323 2 0 0 0
109324 4 0 0 0
109336 2 0 0 0
109337 3 0 0 0
109340 2 0 0 0
109341 2 0 0 0
109356 4 0 0 0
109386 2 0 0 0
109387 2 0 0 0
109395 2 0 0 0
109399 2 0 0 0
109400 2 0 0 0
109414 2 0 0 0
109422 4 0 0 0
109428 4 0 0 0
109433 2 0 0 0
109462 2 0 0 0
109467 2 0 0 0
109468 2 0 0 0
109480 4 0 0 0
109493 2 0 0 0
109529 3 0 0 0
109539 2 0 0 0
109548 2 0 0 0
109552 2 0 0 0
109553 2 0 0 0
109554 2 0 0 0
109564 2 0 0 0
109570 3 0 0 0
109601 1 0 0 0
109630 1 0 0 0
109631 2 0 0 0
109636 1 0 0 0
109655 2 0 0 0
109662 2 0 0 0
109686 2 0 0 0
109693 2 0 0 0
109694 2 0 0 0
109711 2 0 0 0
109725 4 0 0 0
109731 4 0 0 0
109737 2 0 0 0
109743 1 0 0 0
109750 2 0 0 0
109754 2 0 0 0
109767 1 0 0 0
109769 2 0 0 0
109784 1 0 0 0
109788 4 0 0 0
109805 3 0 0 0
109822 2 0 0 0
109834 1 0 0 0
109835 4 0 0 0
109860 4 0 0 0
109877 1 0 0 0
109883 2 0 0 0
109884 2 0 0 0
109897 2 0 0 0
109906 2 0 0 0
109924 2 0 0 0
109939 2 0 0 0
109952 3 0 0 0
109957 2 0 0 0
109958 2 0 0 0
109963 2 0 0 0
109968 1 0 0 0
109988 3 0 0 0
109993 4 0 0 0
110020 2 0 0 0
110024 2 0 0 0
110042 2 0 0 0
110046 2 0 0 0
110058 4 0 0 0
110078 2 0 0 0
110088 3 0 0 0
110093 2 0 0 0
110097 2 0 0 0
110104 2 0 0 0
110117 3 0 0 0
110118 2 0 0 0
110125 2 0 0 0
110136 2 0 0 0
110138 2 0 0 0
110151 4 0 0 0
110175 1 0 0 0
110177 2 0 0 0
110182 4 0 0 0
110187 1 0 0 0
110196 2 0 0 0
110209 2 0 0 0
110219 2 0 0 0
110239 4 0 0 0
110245 4 0 0 0
110246 2 0 0 0
110254 2 0 0 0
110255 2 0 0 0
110261 2 0 0 0
110262 1 0 0 0
110267 2 0 0 0
110276 2 0 0 0
110299 2 0 0 0
110305 2 0 0 0
110312 2 0 0 0
110337 2 0 0 0
110338 4 0 0 0
110357 2 0 0 0
110378 2 0 0 0
110391 2 0 0 0
110393 4 0 0 0
110407 2 0 0 0
110412 2 0 0 0
110413 2 0 0 0
110421 2 0 0 0
110429 2 0 0 0
110448 2 0 0 0
110449 2 0 0 0
110453 2 0 0 0
110461 2 0 0 0
110462 2 0 0 0
110488 2 0 0 0
110511 2 0 0 0
110512 2 0 0 0
110527 4 0 0 0
110537 2 0 0 0
110542 1 0 0 0
110560 4 0 0 0
110564 1 0 0 0
110573 3 0 0 0
110574 2 0 0 0
110588 3 0 0 0
110594 2 0 0 0
110597 4 0 0 0
110620 2 0 0 0
110630 1 0 0 0
110640 1 0 0 0
110645 2 0 0 0
110652 2 0 0 0
110664 2 0 0 0
110665 2 0 0 0
110672 2 0 0 0
110681 2 0 0 0
110686 2 0 0 0
110702 3 0 0 0
110713 4 0 0 0
110729 1 0 0 0
110746 2 0 0 0
110747 2 0 0 0
110761 1 0 0 0
110770 2 0 0 0
110771 3 0 0 0
110797 1 0 0 0
110802 2 0 0 0
110826 4 0 0 0
110827 2 0 0 0
110855 2 0 0 0
110859 2 0 0 0
110866 2 0 0 0
110902 3 0 0 0
110917 3 0 0 0
110931 2 0 0 0
110932 2 0 0 0
110960 1 0 0 0
110966 1 0 0 0
110973 3 0 0 0
110987 2 0 0 0
110997 2 0 0 0
111008 2 0 0 0
111019 2 0 0 0
111034 2 0 0 0
111035 2 0 0 0
111041 2 0 0 0
111056 2 0 0 0
111060 2 0 0 0
111070 2 0 0 0
111076 2 0 0 0
111082 2 0 0 0
111102 4 0 0 0
111121 1 0 0 0
111130 2 0 0 0
111150 2 0 0 0
111186 4 0 0 0
111197 4 0 0 0
111204 1 0 0 0
111227 2 0 0 0
111239 2 0 0 0
111252 2 0 0 0
111271 4 0 0 0
111277 2 0 0 0
111282 2 0 0 0
111327 1 0 0 0
111329 2 0 0 0
111330 2 0 0 0
111334 2 0 0 0
111340 2 0 0 0
111348 2 0 0 0
111349 4 0 0 0
111372 2 0 0 0
111396 2 0 0 0
111397 2 0 0 0
111430 3 0 0 0
111431 3 0 0 0
111441 2 0 0 0
111455 2 0 0 0
111456 2 0 0 0
111469 2 0 0 0
111505 1 0 0 0
111516 2 0 0 0
111529 1 0 0 0
111556 2 0 0 0
111558 2 0 0 0
111568 2 0 0 0
111569 2 0 0 0
111574 4 0 0 0
111597 2 0 0 0
111606 4 0 0 0
111616 3 0 0 0
111622 1 0 0 0
111632 1 0 0 0
111654 2 0 0 0
111670 2 0 0 0
111680 4 0 0 0
111685 1 0 0 0
111690 2 0 0 0
111701 2 0 0 0
111702 1 0 0 0
111714 2 0 0 0
111750 1 0 0 0
111751 4 0 0 0
111781 4 0 0 0
111806 1 0 0 0
111848 2 0 0 0
111853 2 0 0 0
111882 4 0 0 0
111898 2 0 0 0
111902 2 0 0 0
111924 4 0 0 0
111925 3 0 0 0
111932 1 0 0 0
111942 4 0 0 0
111947 2 0 0 0
111954 2 0 0 0
111967 4 0 0 0
111981 4 0 0 0
111999 3 0 0 0
112047 4 0 0 0
112064 2 0 0 0
112065 2 0 0 0
112073 3 0 0 0
112079 2 0 0 0
112094 2 0 0 0
112095 2 0 0 0
112103 3 0 0 0
112104 2 0 0 0
112106 2 0 0 0
112111 2 0 0 0
112127 1 0 0 0
112155 4 0 0 0
112173 2 0 0 0
112174 1 0 0 0
112180 2 0 0 0
112189 1 0 0 0
112199 2 0 0 0
112204 4 0 0 0
112205 2 0 0 0
112207 2 0 0 0
112208 3 0 0 0
112223 1 0 0 0
112268 2 0 0 0
112285 2 0 0 0
112292 2 0 0 0
112300 2 0 0 0
112301 2 0 0 0
112314 2 0 0 0
112335 3 0 0 0
112339 1 0 0 0
112347 2 0 0 0
112353 2 0 0 0
112358 3 0 0 0
112363 1 0 0 0
112381 1 0 0 0
112386 2 0 0 0
112387 2 0 0 0
112393 1 0 0 0
112423 1 0 0 0
112446 2 0 0 0
112452 2 0 0 0
112473 2 0 0 0
112479 2 0 0 0
112485 2 0 0 0
112520 2 0 0 0
112526 4 0 0 0
112531 1 0 0 0
112532 1 0 0 0
112550 1 0 0 0
112557 2 0 0 0
112560 4 0 0 0
112565 2 0 0 0
112567 2 0 0 0
112580 2 0 0 0
112588 2 0 0 0
112601 2 0 0 0
112607 2 0 0 0
112634 1 0 0 0
112651 3 0 0 0
112663 3 0 0 0
112672 2 0 0 0
112674 4 0 0 0
112696 2 0 0 0
112700 2 0 0 0
112718 4 0 0 0
112726 1 0 0 0
112744 2 0 0 0
112749 3 0 0 0
112755 2 0 0 0
112758 2 0 0 0
112765 2 0 0 0
112766 2 0 0 0
112782 2 0 0 0
112783 2 0 0 0
112788 4 0 0 0
112805 2 0 0 0
112806 2 0 0 0
112823 2 0 0 0
112829 3 0 0 0
112834 1 0 0 0
112839 1 0 0 0
112841 4 0 0 0
112858 4 0 0 0
112876 2 0 0 0
112877 2 0 0 0
112885 2 0 0 0
112892 1 0 0 0
112893 2 0 0 0
112922 4 0 0 0
112931 2 0 0 0
112933 1 0 0 0
112938 1 0 0 0
112964 1 0 0 0
112977 2 0 0 0
112993 2 0 0 0
113005 1 0 0 0
113010 2 0 0 0
113026 4 0 0 0
113065 4 0 0 0
113069 1 0 0 0
113082 2 0 0 0
113092 1 0 0 0
113093 3 0 0 0
113099 2 0 0 0
113114 4 0 0 0
113131 2 0 0 0
113136 2 0 0 0
113137 2 0 0 0
113142 2 0 0 0
113146 2 0 0 0
113147 2 0 0 0
113152 4 0 0 0
113179 1 0 0 0
113189 2 0 0 0
113190 2 0 0 0
113198 2 0 0 0
113218 2 0 0 0
113261 2 0 0 0
113337 1 0 0 0
113338 1 0 0 0
113346 2 0 0 0
113347 2 0 0 0
113352 2 0 0 0
113355 2 0 0 0
113385 2 0 0 0
113388 2 0 0 0
113437 4 0 0 0
113444 2 0 0 0
113455 2 0 0 0
113456 1 0 0 0
113477 3 0 0 0
113488 2 0 0 0
113493 4 0 0 0
113500 4 0 0 0
113521 1 0 0 0
113528 2 0 0 0
113530 4 0 0 0
113531 1 0 0 0
113544 2 0 0 0
113545 2 0 0 0
113552 2 0 0 0
113562 4 0 0 0
113571 2 0 0 0
113584 4 0 0 0
113633 2 0 0 0
113638 2 0 0 0
113655 1 0 0 0
113682 2 0 0 0
113688 4 0 0 0
113700 4 0 0 0
113714 2 0 0 0
113776 2 0 0 0
113799 2 0 0 0
113825 2 0 0 0
113830 2 0 0 0
113845 1 0 0 0
113858 1 0 0 0
113859 2 0 0 0
113868 2 0 0 0
113883 1 0 0 0
113908 2 0 0 0
113916 2 0 0 0
113917 2 0 0 0
113924 2 0 0 0
113925 2 0 0 0
113930 2 0 0 0
113934 4 0 0 0
113939 2 0 0 0
113944 3 0 0 0
113960 2 0 0 0
113965 1 0 0 0
113971 2 0 0 0
113978 2 0 0 0
113988 2 0 0 0
114014 2 0 0 0
114018 2 0 0 0
114027 3 0 0 0
114035 2 0 0 0
114056 2 0 0 0
114062 3 0 0 0
114067 2 0 0 0
114072 4 0 0 0
114073 2 0 0 0
114085 2 0 0 0
114096 1 0 0 0
114102 4 0 0 0
114109 2 0 0 0
114117 4 0 0 0
114123 2 0 0 0
114139 4 0 0 0
114141 2 0 0 0
114166 2 0 0 0
114167 2 0 0 0
114170 4 0 0 0
114208 4 0 0 0
114231 4 0 0 0
114239 4 0 0 0
114254 4 0 0 0
114262 4 0 0 0
114263 4 0 0 0
114281 1 0 0 0
114284 2 0 0 0
114289 2 0 0 0
114319 2 0 0 0
114334 1 0 0 0
114354 2 0 0 0
114365 4 0 0 0
114405 4 0 0 0
114419 3 0 0 0
114427 4 0 0 0
114448 2 0 0 0
114463 2 0 0 0
114471 2 0 0 0
114481 2 0 0 0
114513 2 0 0 0
114525 2 0 0 0
114528 2 0 0 0
114533 2 0 0 0
114539 2 0 0 0
114552 3 0 0 0
114557 2 0 0 0
114600 2 0 0 0
114607 2 0 0 0
114642 3 0 0 0
114648 2 0 0 0
114649 4 0 0 0
114668 2 0 0 0
114674 2 0 0 0
114695 4 0 0 0
114698 2 0 0 0
114710 2 0 0 0
114717 2 0 0 0
114727 2 0 0 0
114728 4 0 0 0
114745 3 0 0 0
114767 2 0 0 0
114842 2 0 0 0
114861 2 0 0 0
114862 2 0 0 0
114889 1 0 0 0
114890 4 0 0 0
114894 1 0 0 0
114906 2 0 0 0
114909 2 0 0 0
114910 2 0 0 0
114914 2 0 0 0
114915 3 0 0 0
114920 2 0 0 0
114965 2 0 0 0
114979 4 0 0 0
114981 2 0 0 0
115004 4 0 0 0
115023 1 0 0 0
115048 1 0 0 0
115071 2 0 0 0
115082 2 0 0 0
115083 4 0 0 0
115098 1 0 0 0
115115 2 0 0 0
115146 2 0 0 0
115158 2 0 0 0
115178 4 0 0 0
115201 2 0 0 0
115220 1 0 0 0
115247 2 0 0 0
115249 4 0 0 0
115263 3 0 0 0
115269 4 0 0 0
115280 2 0 0 0
115284 3 0 0 0
115294 1 0 0 0
115305 2 0 0 0
115306 4 0 0 0
115311 4 0 0 0
115326 2 0 0 0
115327 2 0 0 0
115338 4 0 0 0
115369 2 0 0 0
115370 2 0 0 0
115382 2 0 0 0
115383 2 0 0 0
115393 1 0 0 0
115394 4 0 0 0
115428 2 0 0 0
115444 2 0 0 0
115448 4 0 0 0
115460 1 0 0 0
115466 2 0 0 0
115471 3 0 0 0
115478 2 0 0 0
115488 2 0 0 0
115505 2 0 0 0
115509 4 0 0 0
115518 2 0 0 0
115522 2 0 0 0
115534 1 0 0 0
115555 1 0 0 0
115577 2 0 0 0
115578 2 0 0 0
115586 2 0 0 0
115587 3 0 0 0
115588 4 0 0 0
115617 2 0 0 0
115657 4 0 0 0
115662 1 0 0 0
115667 2 0 0 0
115681 2 0 0 0
115689 3 0 0 0
115690 2 0 0 0
115704 4 0 0 0
115712 2 0 0 0
115734 1 0 0 0
115740 1 0 0 0
115742 2 0 0 0
115788 2 0 0 0
115794 2 0 0 0
115817 1 0 0 0
115832 2 0 0 0
115870 3 0 0 0
115892 2 0 0 0
115902 2 0 0 0
115921 3 0 0 0
115953 2 0 0 0
115967 4 0 0 0
115984 2 0 0 0
115990 2 0 0 0
116001 2 0 0 0
116012 4 0 0 0
116018 4 0 0 0
116045 2 0 0 0
116056 2 0 0 0
116058 2 0 0 0
116064 1 0 0 0
116091 4 0 0 0
116097 4 0 0 0
116105 3 0 0 0
116134 2 0 0 0
116169 2 0 0 0
116173 3 0 0 0
116185 2 0 0 0
116209 2 0 0 0
116216 4 0 0 0
116222 1 0 0 0
116265 1 0 0 0
116271 4 0 0 0
116282 4 0 0 0
116302 2 0 0 0
116313 2 0 0 0
116320 2 0 0 0
116339 1 0 0 0
116379 2 0 0 0
116386 2 0 0 0
116387 2 0 0 0
116422 2 0 0 0
116430 2 0 0 0
116434 4 0 0 0
116477 3 0 0 0
116486 1 0 0 0
116496 2 0 0 0
116497 2 0 0 0
116520 2 0 0 0
116532 1 0 0 0
116552 1 0 0 0
116584 4 0 0 0
116588 4 0 0 0
116605 1 0 0 0
116664 3 0 0 0
116675 4 0 0 0
116687 1 0 0 0
116707 2 0 0 0
116731 2 0 0 0
116733 2 0 0 0
116742 2 0 0 0
116754 4 0 0 0
116755 1 0 0 0
116761 3 0 0 0
116762 2 0 0 0
116802 4 0 0 0
116817 2 0 0 0
116818 2 0 0 0
116841 2 0 0 0
116847 1 0 0 0
116849 3 0 0 0
116864 4 0 0 0
116888 2 0 0 0
116935 1 0 0 0
116941 1 0 0 0
116956 2 0 0 0
116962 2 0 0 0
116968 4 0 0 0
116983 1 0 0 0
116989 1 0 0 0
116998 4 0 0 0
117009 2 0 0 0
117033 4 0 0 0
117039 4 0 0 0
117068 4 0 0 0
117082 4 0 0 0
117094 2 0 0 0
117107 4 0 0 0
117118 4 0 0 0
117130 1 0 0 0
117150 4 0 0 0
117165 1 0 0 0
117175 2 0 0 0
117177 1 0 0 0
117187 2 0 0 0
117196 1 0 0 0
117199 2 0 0 0
117235 2 0 0 0
117243 4 0 0 0
117244 1 0 0 0
117265 2 0 0 0
117266 2 0 0 0
117289 1 0 0 0
117329 1 0 0 0
117345 1 0 0 0
117352 2 0 0 0
117357 2 0 0 0
117400 1 0 0 0
117414 1 0 0 0
117435 1 0 0 0
117449 2 0 0 0
117459 4 0 0 0
117477 4 0 0 0
117478 4 0 0 0
117485 2 0 0 0
117489 2 0 0 0
117498 2 0 0 0
117499 1 0 0 0
117564 2 0 0 0
117575 4 0 0 0
117624 1 0 0 0
117631 1 0 0 0
117655 1 0 0 0
117676 2 0 0 0
117682 4 0 0 0
117702 2 0 0 0
117727 2 0 0 0
117728 2 0 0 0
117733 2 0 0 0
117745 2 0 0 0
117760 4 0 0 0
117761 4 0 0 0
117777 1 0 0 0
117794 2 0 0 0
117811 2 0 0 0
117817 1 0 0 0
117848 2 0 0 0
117865 3 0 0 0
117875 2 0 0 0
117881 1 0 0 0
117909 2 0 0 0
117910 2 0 0 0
117911 1 0 0 0
117922 3 0 0 0
117924 2 0 0 0
117940 4 0 0 0
117941 1 0 0 0
117994 2 0 0 0
117999 2 0 0 0
118012 2 0 0 0
118021 2 0 0 0
118022 2 0 0 0
118028 2 0 0 0
118064 2 0 0 0
118071 4 0 0 0
118084 4 0 0 0
118089 1 0 0 0
118110 4 0 0 0
118114 1 0 0 0
118124 2 0 0 0
118130 3 0 0 0
118134 2 0 0 0
118149 1 0 0 0
118187 2 0 0 0
118205 2 0 0 0
118206 2 0 0 0
118223 4 0 0 0
118224 1 0 0 0
118233 2 0 0 0
118245 4 0 0 0
118250 1 0 0 0
118255 4 0 0 0
118267 2 0 0 0
118268 2 0 0 0
118305 2 0 0 0
118359 4 0 0 0
118376 4 0 0 0
118388 4 0 0 0
118416 3 0 0 0
118425 1 0 0 0
118430 1 0 0 0
118434 1 0 0 0
118469 2 0 0 0
118473 3 0 0 0
118483 3 0 0 0
118528 2 0 0 0
118534 2 0 0 0
118542 1 0 0 0
118544 2 0 0 0
118558 4 0 0 0
118563 3 0 0 0
118587 1 0 0 0
118595 4 0 0 0
118597 4 0 0 0
118602 4 0 0 0
118653 4 0 0 0
118673 1 0 0 0
118688 2 0 0 0
118726 3 0 0 0
118737 2 0 0 0
118760 2 0 0 0
118761 4 0 0 0
118766 4 0 0 0
118784 2 0 0 0
118809 3 0 0 0
118816 1 0 0 0
118826 4 0 0 0
118838 2 0 0 0
118849 1 0 0 0
118854 2 0 0 0
118860 2 0 0 0
118871 1 0 0 0
118898 1 0 0 0
118913 1 0 0 0
118918 1 0 0 0
118947 4 0 0 0
118956 4 0 0 0
118992 1 0 0 0
118993 2 0 0 0
118999 2 0 0 0
119014 2 0 0 0
119024 1 0 0 0
119035 1 0 0 0
119051 2 0 0 0
119058 2 0 0 0
119086 2 0 0 0
119091 1 0 0 0
119092 4 0 0 0
119114 2 0 0 0
119123 2 0 0 0
119130 1 0 0 0
119142 3 0 0 0
119148 1 0 0 0
119163 4 0 0 0
119173 4 0 0 0
119174 2 0 0 0
119185 2 0 0 0
119199 4 0 0 0
119230 1 0 0 0
119250 2 0 0 0
119252 2 0 0 0
119264 2 0 0 0
119269 2 0 0 0
119301 2 0 0 0
119306 2 0 0 0
119310 2 0 0 0
119326 2 0 0 0
119337 2 0 0 0
119339 2 0 0 0
119352 1 0 0 0
119375 1 0 0 0
119429 1 0 0 0
119436 2 0 0 0
119460 2 0 0 0
119465 1 0 0 0
119472 1 0 0 0
119496 2 0 0 0
119529 2 0 0 0
119588 4 0 0 0
119621 1 0 0 0
119627 2 0 0 0
119645 3 0 0 0
119646 1 0 0 0
119696 2 0 0 0
119708 2 0 0 0
119717 2 0 0 0
119756 4 0 0 0
119768 1 0 0 0
119791 1 0 0 0
119799 1 0 0 0
119809 4 0 0 0
119814 4 0 0 0
119834 3 0 0 0
119859 3 0 0 0
119875 2 0 0 0
119909 2 0 0 0
119910 2 0 0 0
119938 4 0 0 0
119939 2 0 0 0
119957 4 0 0 0
119972 4 0 0 0
119984 1 0 0 0
119997 2 0 0 0
119998 3 0 0 0
120005 4 0 0 0
120047 3 0 0 0
120056 2 0 0 0
120073 4 0 0 0
120082 2 0 0 0
120108 3 0 0 0
120109 2 0 0 0
120151 1 0 0 0
120179 2 0 0 0
120189 4 0 0 0
120195 2 0 0 0
120243 4 0 0 0
120257 2 0 0 0
120262 2 0 0 0
120268 2 0 0 0
120274 1 0 0 0
120280 2 0 0 0
120291 3 0 0 0
120298 4 0 0 0
120318 2 0 0 0
120319 2 0 0 0
120340 2 0 0 0
120355 2 0 0 0
120387 2 0 0 0
120397 2 0 0 0
120417 4 0 0 0
120427 2 0 0 0
120433 4 0 0 0
120463 3 0 0 0
120464 2 0 0 0
120482 2 0 0 0
120491 2 0 0 0
120517 4 0 0 0
120518 1 0 0 0
120540 3 0 0 0
120551 4 0 0 0
120576 2 0 0 0
120577 2 0 0 0
120585 2 0 0 0
120589 2 0 0 0
120590 4 0 0 0
120597 1 0 0 0
120610 1 0 0 0
120623 2 0 0 0
120628 1 0 0 0
120640 3 0 0 0
120653 2 0 0 0
120673 3 0 0 0
120705 4 0 0 0
120709 1 0 0 0
120724 3 0 0 0
120741 4 0 0 0
120752 2 0 0 0
120758 1 0 0 0
120807 2 0 0 0
120808 4 0 0 0
120817 4 0 0 0
120823 2 0 0 0
120832 2 0 0 0
120905 3 0 0 0
120917 4 0 0 0
120922 2 0 0 0
120927 2 0 0 0
120932 2 0 0 0
120945 2 0 0 0
120964 2 0 0 0
120965 2 0 0 0
121000 2 0 0 0
121001 3 0 0 0
121006 2 0 0 0
121035 1 0 0 0
121040 4 0 0 0
121096 1 0 0 0
121106 4 0 0 0
0 0
